unsigned char const TfmCol[120][188] = {
{9,10,11,12,13,13,14,15,16,17,18,19,20,21,21,22,23,24,25,26,27,28,29,30,30,31,32,33,34,35,36,37,38,38,39,40,41,42,43,44,45,46,47,47,48,49,50,51,52,53,54,55,55,56,57,58,59,60,61,62,63,63,64,65,66,67,68,69,70,71,72,72,73,74,75,76,77,78,79,80,80,81,82,83,84,85,86,87,88,89,89,90,91,92,93,94,95,96,97,97,98,99,100,101,102,103,104,105,106,106,107,108,109,110,111,112,113,114,114,115,116,117,118,119,120,121,122,123,123,124,125,126,127,128,129,130,131,131,132,133,134,135,136,137,138,139,139,140,141,142,143,144,145,146,147,148,148,149,150,151,152,153,154,155,156,156,157,158,159,160,161,162,163,164,165,165,166,167,168,169,170,171,172,173,173,174,175,176},
{8,9,10,11,12,13,14,15,16,16,17,18,19,20,21,22,23,24,25,25,26,27,28,29,30,31,32,33,34,34,35,36,37,38,39,40,41,42,43,43,44,45,46,47,48,49,50,51,52,52,53,54,55,56,57,58,59,60,61,61,62,63,64,65,66,67,68,69,70,70,71,72,73,74,75,76,77,78,79,79,80,81,82,83,84,85,86,87,88,88,89,90,91,92,93,94,95,96,97,98,98,99,100,101,102,103,104,105,106,107,107,108,109,110,111,112,113,114,115,116,116,117,118,119,120,121,122,123,124,125,125,126,127,128,129,130,131,132,133,134,134,135,136,137,138,139,140,141,142,143,143,144,145,146,147,148,149,150,151,152,152,153,154,155,156,157,158,159,160,161,161,162,163,164,165,166,167,168,169,170,170,171,172,173,174,175,176,177},
{8,9,10,10,11,12,13,14,15,16,17,18,19,20,20,21,22,23,24,25,26,27,28,29,30,30,31,32,33,34,35,36,37,38,39,40,40,41,42,43,44,45,46,47,48,49,49,50,51,52,53,54,55,56,57,58,59,59,60,61,62,63,64,65,66,67,68,69,69,70,71,72,73,74,75,76,77,78,78,79,80,81,82,83,84,85,86,87,88,88,89,90,91,92,93,94,95,96,97,98,98,99,100,101,102,103,104,105,106,107,108,108,109,110,111,112,113,114,115,116,117,117,118,119,120,121,122,123,124,125,126,127,127,128,129,130,131,132,133,134,135,136,137,137,138,139,140,141,142,143,144,145,146,146,147,148,149,150,151,152,153,154,155,156,156,157,158,159,160,161,162,163,164,165,166,166,167,168,169,170,171,172,173,174,175,176,176,177},
{7,8,9,10,11,12,13,14,14,15,16,17,18,19,20,21,22,23,24,25,25,26,27,28,29,30,31,32,33,34,35,35,36,37,38,39,40,41,42,43,44,45,46,46,47,48,49,50,51,52,53,54,55,56,56,57,58,59,60,61,62,63,64,65,66,67,67,68,69,70,71,72,73,74,75,76,77,77,78,79,80,81,82,83,84,85,86,87,88,88,89,90,91,92,93,94,95,96,97,98,98,99,100,101,102,103,104,105,106,107,108,109,109,110,111,112,113,114,115,116,117,118,119,119,120,121,122,123,124,125,126,127,128,129,130,130,131,132,133,134,135,136,137,138,139,140,140,141,142,143,144,145,146,147,148,149,150,151,151,152,153,154,155,156,157,158,159,160,161,161,162,163,164,165,166,167,168,169,170,171,172,172,173,174,175,176,177,178},
{7,7,8,9,10,11,12,13,14,15,16,17,18,18,19,20,21,22,23,24,25,26,27,28,29,30,30,31,32,33,34,35,36,37,38,39,40,41,41,42,43,44,45,46,47,48,49,50,51,52,53,53,54,55,56,57,58,59,60,61,62,63,64,64,65,66,67,68,69,70,71,72,73,74,75,76,76,77,78,79,80,81,82,83,84,85,86,87,87,88,89,90,91,92,93,94,95,96,97,98,99,99,100,101,102,103,104,105,106,107,108,109,110,110,111,112,113,114,115,116,117,118,119,120,121,122,122,123,124,125,126,127,128,129,130,131,132,133,133,134,135,136,137,138,139,140,141,142,143,144,145,145,146,147,148,149,150,151,152,153,154,155,156,156,157,158,159,160,161,162,163,164,165,166,167,168,168,169,170,171,172,173,174,175,176,177,178,179},
{6,7,8,9,10,11,11,12,13,14,15,16,17,18,19,20,21,22,23,24,24,25,26,27,28,29,30,31,32,33,34,35,36,36,37,38,39,40,41,42,43,44,45,46,47,48,49,49,50,51,52,53,54,55,56,57,58,59,60,61,62,62,63,64,65,66,67,68,69,70,71,72,73,74,74,75,76,77,78,79,80,81,82,83,84,85,86,87,87,88,89,90,91,92,93,94,95,96,97,98,99,99,100,101,102,103,104,105,106,107,108,109,110,111,112,112,113,114,115,116,117,118,119,120,121,122,123,124,124,125,126,127,128,129,130,131,132,133,134,135,136,137,137,138,139,140,141,142,143,144,145,146,147,148,149,150,150,151,152,153,154,155,156,157,158,159,160,161,162,162,163,164,165,166,167,168,169,170,171,172,173,174,175,175,176,177,178,179},
{5,6,7,8,9,10,11,12,13,14,15,16,16,17,18,19,20,21,22,23,24,25,26,27,28,29,30,30,31,32,33,34,35,36,37,38,39,40,41,42,43,44,44,45,46,47,48,49,50,51,52,53,54,55,56,57,58,58,59,60,61,62,63,64,65,66,67,68,69,70,71,72,72,73,74,75,76,77,78,79,80,81,82,83,84,85,86,86,87,88,89,90,91,92,93,94,95,96,97,98,99,100,100,101,102,103,104,105,106,107,108,109,110,111,112,113,114,114,115,116,117,118,119,120,121,122,123,124,125,126,127,128,128,129,130,131,132,133,134,135,136,137,138,139,140,141,142,142,143,144,145,146,147,148,149,150,151,152,153,154,155,156,156,157,158,159,160,161,162,163,164,165,166,167,168,169,170,170,171,172,173,174,175,176,177,178,179,180},
{5,6,7,7,8,9,10,11,12,13,14,15,16,17,18,19,20,21,22,22,23,24,25,26,27,28,29,30,31,32,33,34,35,36,37,38,38,39,40,41,42,43,44,45,46,47,48,49,50,51,52,53,54,54,55,56,57,58,59,60,61,62,63,64,65,66,67,68,69,69,70,71,72,73,74,75,76,77,78,79,80,81,82,83,84,85,85,86,87,88,89,90,91,92,93,94,95,96,97,98,99,100,101,101,102,103,104,105,106,107,108,109,110,111,112,113,114,115,116,117,117,118,119,120,121,122,123,124,125,126,127,128,129,130,131,132,132,133,134,135,136,137,138,139,140,141,142,143,144,145,146,147,148,148,149,150,151,152,153,154,155,156,157,158,159,160,161,162,163,164,164,165,166,167,168,169,170,171,172,173,174,175,176,177,178,179,179,180},
{4,5,6,7,8,9,10,11,12,12,13,14,15,16,17,18,19,20,21,22,23,24,25,26,27,28,29,30,30,31,32,33,34,35,36,37,38,39,40,41,42,43,44,45,46,47,48,48,49,50,51,52,53,54,55,56,57,58,59,60,61,62,63,64,65,66,66,67,68,69,70,71,72,73,74,75,76,77,78,79,80,81,82,83,84,84,85,86,87,88,89,90,91,92,93,94,95,96,97,98,99,100,101,102,102,103,104,105,106,107,108,109,110,111,112,113,114,115,116,117,118,119,120,120,121,122,123,124,125,126,127,128,129,130,131,132,133,134,135,136,137,138,138,139,140,141,142,143,144,145,146,147,148,149,150,151,152,153,154,155,156,156,157,158,159,160,161,162,163,164,165,166,167,168,169,170,171,172,173,174,174,175,176,177,178,179,180,181},
{3,4,5,6,7,8,9,10,11,12,13,14,15,16,17,18,19,20,20,21,22,23,24,25,26,27,28,29,30,31,32,33,34,35,36,37,38,39,40,41,41,42,43,44,45,46,47,48,49,50,51,52,53,54,55,56,57,58,59,60,61,62,62,63,64,65,66,67,68,69,70,71,72,73,74,75,76,77,78,79,80,81,82,83,83,84,85,86,87,88,89,90,91,92,93,94,95,96,97,98,99,100,101,102,103,103,104,105,106,107,108,109,110,111,112,113,114,115,116,117,118,119,120,121,122,123,124,124,125,126,127,128,129,130,131,132,133,134,135,136,137,138,139,140,141,142,143,144,145,145,146,147,148,149,150,151,152,153,154,155,156,157,158,159,160,161,162,163,164,165,166,166,167,168,169,170,171,172,173,174,175,176,177,178,179,180,181,182},
{3,4,5,6,6,7,8,9,10,11,12,13,14,15,16,17,18,19,20,21,22,23,24,25,26,27,28,29,30,31,31,32,33,34,35,36,37,38,39,40,41,42,43,44,45,46,47,48,49,50,51,52,53,54,55,56,56,57,58,59,60,61,62,63,64,65,66,67,68,69,70,71,72,73,74,75,76,77,78,79,80,81,81,82,83,84,85,86,87,88,89,90,91,92,93,94,95,96,97,98,99,100,101,102,103,104,105,105,106,107,108,109,110,111,112,113,114,115,116,117,118,119,120,121,122,123,124,125,126,127,128,129,130,130,131,132,133,134,135,136,137,138,139,140,141,142,143,144,145,146,147,148,149,150,151,152,153,154,155,155,156,157,158,159,160,161,162,163,164,165,166,167,168,169,170,171,172,173,174,175,176,177,178,179,180,180,181,182},
{2,3,4,5,6,7,8,9,10,11,12,13,14,15,16,16,17,18,19,20,21,22,23,24,25,26,27,28,29,30,31,32,33,34,35,36,37,38,39,40,41,42,43,44,45,46,47,47,48,49,50,51,52,53,54,55,56,57,58,59,60,61,62,63,64,65,66,67,68,69,70,71,72,73,74,75,76,77,78,78,79,80,81,82,83,84,85,86,87,88,89,90,91,92,93,94,95,96,97,98,99,100,101,102,103,104,105,106,107,108,108,109,110,111,112,113,114,115,116,117,118,119,120,121,122,123,124,125,126,127,128,129,130,131,132,133,134,135,136,137,138,139,139,140,141,142,143,144,145,146,147,148,149,150,151,152,153,154,155,156,157,158,159,160,161,162,163,164,165,166,167,168,169,170,170,171,172,173,174,175,176,177,178,179,180,181,182,183},
{1,2,3,4,5,6,7,8,9,10,11,12,13,14,15,16,17,18,19,20,21,22,23,24,25,26,27,28,29,30,31,32,32,33,34,35,36,37,38,39,40,41,42,43,44,45,46,47,48,49,50,51,52,53,54,55,56,57,58,59,60,61,62,63,64,65,66,67,68,69,70,71,72,73,73,74,75,76,77,78,79,80,81,82,83,84,85,86,87,88,89,90,91,92,93,94,95,96,97,98,99,100,101,102,103,104,105,106,107,108,109,110,111,112,113,113,114,115,116,117,118,119,120,121,122,123,124,125,126,127,128,129,130,131,132,133,134,135,136,137,138,139,140,141,142,143,144,145,146,147,148,149,150,151,152,153,154,154,155,156,157,158,159,160,161,162,163,164,165,166,167,168,169,170,171,172,173,174,175,176,177,178,179,180,181,182,183,184},
{1,2,2,3,4,5,6,7,8,9,10,11,12,13,14,15,16,17,18,19,20,21,22,23,24,25,26,27,28,29,30,31,32,33,34,35,36,37,38,39,40,41,42,43,44,45,46,47,48,49,50,51,52,53,54,55,56,57,58,59,60,61,62,63,63,64,65,66,67,68,69,70,71,72,73,74,75,76,77,78,79,80,81,82,83,84,85,86,87,88,89,90,91,92,93,94,95,96,97,98,99,100,101,102,103,104,105,106,107,108,109,110,111,112,113,114,115,116,117,118,119,120,121,122,123,123,124,125,126,127,128,129,130,131,132,133,134,135,136,137,138,139,140,141,142,143,144,145,146,147,148,149,150,151,152,153,154,155,156,157,158,159,160,161,162,163,164,165,166,167,168,169,170,171,172,173,174,175,176,177,178,179,180,181,182,183,184,184},
{0,1,2,3,4,5,6,7,8,9,10,11,12,13,14,15,16,17,18,19,20,21,22,23,24,25,26,27,28,29,30,31,32,33,34,35,36,36,37,38,39,40,41,42,43,44,45,46,47,48,49,50,51,52,53,54,55,56,57,58,59,60,61,62,63,64,65,66,67,68,69,70,71,72,73,74,75,76,77,78,79,80,81,82,83,84,85,86,87,88,89,90,91,92,93,94,95,96,97,98,99,100,101,102,103,104,105,106,107,108,109,110,111,112,113,114,115,116,117,118,119,120,121,122,123,124,125,126,127,128,129,130,131,132,133,134,135,136,137,138,139,140,141,142,143,144,145,146,147,148,149,150,150,151,152,153,154,155,156,157,158,159,160,161,162,163,164,165,166,167,168,169,170,171,172,173,174,175,176,177,178,179,180,181,182,183,184,185},
{0,0,1,2,3,4,5,6,7,8,9,10,11,12,13,14,15,16,17,18,19,20,21,22,23,24,25,26,27,28,29,30,31,32,33,34,35,36,37,38,39,40,41,42,43,44,45,46,47,48,49,50,51,52,53,54,55,56,57,58,59,60,61,62,63,64,65,66,67,68,69,70,71,72,73,74,75,76,77,78,79,80,81,82,83,84,85,86,87,88,89,90,91,92,93,94,95,96,97,98,99,100,101,102,103,104,105,106,107,108,109,110,111,112,113,114,115,116,117,118,119,120,121,122,123,124,125,126,127,128,129,130,131,132,133,134,135,136,137,138,139,140,141,142,143,144,145,146,147,148,149,150,151,152,153,154,155,156,157,158,159,160,161,162,163,164,165,166,167,168,169,170,171,172,173,174,175,176,177,178,179,180,181,182,183,184,185,186},
{0,0,0,1,2,3,4,5,6,7,8,9,10,11,12,13,14,15,16,17,18,19,20,22,23,24,25,26,27,28,29,30,31,32,33,34,35,36,37,38,39,40,41,42,43,44,45,46,47,48,49,50,51,52,53,54,55,56,57,58,59,60,61,62,63,64,65,66,67,68,69,70,71,72,73,74,75,76,77,78,79,80,81,82,83,84,85,86,87,88,89,90,91,92,93,94,95,96,97,98,99,100,101,102,103,104,105,106,107,108,109,110,111,112,113,114,115,116,117,118,119,120,121,122,123,124,125,126,127,128,129,130,131,132,133,134,135,136,137,138,139,140,141,142,143,144,145,146,147,148,149,150,151,152,153,154,155,156,157,158,159,160,161,162,163,164,166,167,168,169,170,171,172,173,174,175,176,177,178,179,180,181,182,183,184,185,186,187},
{0,0,0,1,2,3,4,5,6,7,8,9,10,11,12,13,14,15,16,17,18,19,20,21,22,23,24,25,26,27,28,29,30,31,32,33,34,35,36,37,38,39,40,41,42,43,44,45,46,47,48,49,50,51,52,53,54,55,56,57,58,60,61,62,63,64,65,66,67,68,69,70,71,72,73,74,75,76,77,78,79,80,81,82,83,84,85,86,87,88,89,90,91,92,93,94,95,96,97,98,99,100,101,102,103,104,105,106,107,108,109,110,111,112,113,114,115,116,117,118,119,120,121,122,123,124,125,126,128,129,130,131,132,133,134,135,136,137,138,139,140,141,142,143,144,145,146,147,148,149,150,151,152,153,154,155,156,157,158,159,160,161,162,163,164,165,166,167,168,169,170,171,172,173,174,175,176,177,178,179,180,181,182,183,184,185,186,187},
{0,0,0,0,1,2,3,4,5,6,7,8,9,10,11,12,13,14,15,16,17,18,19,20,21,22,23,24,25,26,28,29,30,31,32,33,34,35,36,37,38,39,40,41,42,43,44,45,46,47,48,49,50,51,52,53,54,55,56,57,58,59,60,61,62,63,64,65,66,67,68,69,70,72,73,74,75,76,77,78,79,80,81,82,83,84,85,86,87,88,89,90,91,92,93,94,95,96,97,98,99,100,101,102,103,104,105,106,107,108,109,110,111,112,113,114,116,117,118,119,120,121,122,123,124,125,126,127,128,129,130,131,132,133,134,135,136,137,138,139,140,141,142,143,144,145,146,147,148,149,150,151,152,153,154,155,156,157,158,160,161,162,163,164,165,166,167,168,169,170,171,172,173,174,175,176,177,178,179,180,181,182,183,184,185,186,187,0},
{0,0,0,0,0,1,2,3,4,5,6,7,8,9,10,12,13,14,15,16,17,18,19,20,21,22,23,24,25,26,27,28,29,30,31,32,33,34,35,36,37,38,39,40,41,42,43,45,46,47,48,49,50,51,52,53,54,55,56,57,58,59,60,61,62,63,64,65,66,67,68,69,70,71,72,73,74,75,76,78,79,80,81,82,83,84,85,86,87,88,89,90,91,92,93,94,95,96,97,98,99,100,101,102,103,104,105,106,107,108,110,111,112,113,114,115,116,117,118,119,120,121,122,123,124,125,126,127,128,129,130,131,132,133,134,135,136,137,138,139,140,141,143,144,145,146,147,148,149,150,151,152,153,154,155,156,157,158,159,160,161,162,163,164,165,166,167,168,169,170,171,172,173,174,176,177,178,179,180,181,182,183,184,185,186,187,0,0},
{0,0,0,0,0,0,1,3,4,5,6,7,8,9,10,11,12,13,14,15,16,17,18,19,20,21,22,23,24,25,26,27,29,30,31,32,33,34,35,36,37,38,39,40,41,42,43,44,45,46,47,48,49,50,51,52,53,55,56,57,58,59,60,61,62,63,64,65,66,67,68,69,70,71,72,73,74,75,76,77,78,79,81,82,83,84,85,86,87,88,89,90,91,92,93,94,95,96,97,98,99,100,101,102,103,104,105,107,108,109,110,111,112,113,114,115,116,117,118,119,120,121,122,123,124,125,126,127,128,129,130,131,133,134,135,136,137,138,139,140,141,142,143,144,145,146,147,148,149,150,151,152,153,154,155,156,157,159,160,161,162,163,164,165,166,167,168,169,170,171,172,173,174,175,176,177,178,179,180,181,182,183,185,186,187,0,0,0},
{0,0,0,0,0,0,1,2,3,4,5,6,7,8,9,10,11,12,13,14,15,16,18,19,20,21,22,23,24,25,26,27,28,29,30,31,32,33,34,35,36,37,38,40,41,42,43,44,45,46,47,48,49,50,51,52,53,54,55,56,57,58,59,60,62,63,64,65,66,67,68,69,70,71,72,73,74,75,76,77,78,79,80,81,83,84,85,86,87,88,89,90,91,92,93,94,95,96,97,98,99,100,101,102,103,105,106,107,108,109,110,111,112,113,114,115,116,117,118,119,120,121,122,123,124,126,127,128,129,130,131,132,133,134,135,136,137,138,139,140,141,142,143,144,145,146,148,149,150,151,152,153,154,155,156,157,158,159,160,161,162,163,164,165,166,167,168,170,171,172,173,174,175,176,177,178,179,180,181,182,183,184,185,186,187,0,0,0},
{0,0,0,0,0,0,0,1,2,3,4,5,6,7,8,9,11,12,13,14,15,16,17,18,19,20,21,22,23,24,25,26,27,29,30,31,32,33,34,35,36,37,38,39,40,41,42,43,44,45,46,48,49,50,51,52,53,54,55,56,57,58,59,60,61,62,63,64,66,67,68,69,70,71,72,73,74,75,76,77,78,79,80,81,82,83,85,86,87,88,89,90,91,92,93,94,95,96,97,98,99,100,101,103,104,105,106,107,108,109,110,111,112,113,114,115,116,117,118,119,120,122,123,124,125,126,127,128,129,130,131,132,133,134,135,136,137,138,140,141,142,143,144,145,146,147,148,149,150,151,152,153,154,155,156,157,159,160,161,162,163,164,165,166,167,168,169,170,171,172,173,174,175,177,178,179,180,181,182,183,184,185,186,187,0,0,0,0},
{0,0,0,0,0,0,0,0,1,2,3,5,6,7,8,9,10,11,12,13,14,15,16,17,18,19,21,22,23,24,25,26,27,28,29,30,31,32,33,34,35,37,38,39,40,41,42,43,44,45,46,47,48,49,50,51,52,54,55,56,57,58,59,60,61,62,63,64,65,66,67,68,70,71,72,73,74,75,76,77,78,79,80,81,82,83,84,86,87,88,89,90,91,92,93,94,95,96,97,98,99,100,102,103,104,105,106,107,108,109,110,111,112,113,114,115,116,118,119,120,121,122,123,124,125,126,127,128,129,130,131,132,134,135,136,137,138,139,140,141,142,143,144,145,146,147,148,149,151,152,153,154,155,156,157,158,159,160,161,162,163,164,165,167,168,169,170,171,172,173,174,175,176,177,178,179,180,181,183,184,185,186,187,0,0,0,0,0},
{0,0,0,0,0,0,0,0,1,2,3,4,5,6,7,8,9,10,11,12,13,15,16,17,18,19,20,21,22,23,24,25,26,27,28,30,31,32,33,34,35,36,37,38,39,40,41,42,44,45,46,47,48,49,50,51,52,53,54,55,56,58,59,60,61,62,63,64,65,66,67,68,69,70,71,73,74,75,76,77,78,79,80,81,82,83,84,85,87,88,89,90,91,92,93,94,95,96,97,98,99,101,102,103,104,105,106,107,108,109,110,111,112,113,115,116,117,118,119,120,121,122,123,124,125,126,127,128,130,131,132,133,134,135,136,137,138,139,140,141,142,144,145,146,147,148,149,150,151,152,153,154,155,156,158,159,160,161,162,163,164,165,166,167,168,169,170,171,173,174,175,176,177,178,179,180,181,182,183,184,185,187,0,0,0,0,0,0},
{0,0,0,0,0,0,0,0,0,1,2,3,4,5,6,7,8,10,11,12,13,14,15,16,17,18,19,20,21,23,24,25,26,27,28,29,30,31,32,33,34,36,37,38,39,40,41,42,43,44,45,46,47,49,50,51,52,53,54,55,56,57,58,59,60,62,63,64,65,66,67,68,69,70,71,72,73,75,76,77,78,79,80,81,82,83,84,85,86,88,89,90,91,92,93,94,95,96,97,98,100,101,102,103,104,105,106,107,108,109,110,111,113,114,115,116,117,118,119,120,121,122,123,124,126,127,128,129,130,131,132,133,134,135,136,137,139,140,141,142,143,144,145,146,147,148,149,150,152,153,154,155,156,157,158,159,160,161,162,163,165,166,167,168,169,170,171,172,173,174,175,176,178,179,180,181,182,183,184,185,186,187,0,0,0,0,0,0},
{0,0,0,0,0,0,0,0,0,0,1,2,3,4,6,7,8,9,10,11,12,13,14,15,16,18,19,20,21,22,23,24,25,26,27,28,30,31,32,33,34,35,36,37,38,39,41,42,43,44,45,46,47,48,49,50,51,53,54,55,56,57,58,59,60,61,62,63,65,66,67,68,69,70,71,72,73,74,76,77,78,79,80,81,82,83,84,85,86,88,89,90,91,92,93,94,95,96,97,98,100,101,102,103,104,105,106,107,108,109,110,112,113,114,115,116,117,118,119,120,121,123,124,125,126,127,128,129,130,131,132,133,135,136,137,138,139,140,141,142,143,144,145,147,148,149,150,151,152,153,154,155,156,158,159,160,161,162,163,164,165,166,167,168,170,171,172,173,174,175,176,177,178,179,180,182,183,184,185,186,187,0,0,0,0,0,0,0},
{0,0,0,0,0,0,0,0,0,0,0,1,3,4,5,6,7,8,9,10,11,12,14,15,16,17,18,19,20,21,22,24,25,26,27,28,29,30,31,32,33,35,36,37,38,39,40,41,42,43,44,46,47,48,49,50,51,52,53,54,55,57,58,59,60,61,62,63,64,65,67,68,69,70,71,72,73,74,75,76,78,79,80,81,82,83,84,85,86,87,89,90,91,92,93,94,95,96,97,99,100,101,102,103,104,105,106,107,108,110,111,112,113,114,115,116,117,118,119,121,122,123,124,125,126,127,128,129,131,132,133,134,135,136,137,138,139,140,142,143,144,145,146,147,148,149,150,151,153,154,155,156,157,158,159,160,161,162,164,165,166,167,168,169,170,171,172,174,175,176,177,178,179,180,181,182,183,185,186,187,0,0,0,0,0,0,0,0},
{0,0,0,0,0,0,0,0,0,0,0,1,2,3,4,5,6,7,8,10,11,12,13,14,15,16,17,18,20,21,22,23,24,25,26,27,28,30,31,32,33,34,35,36,37,38,40,41,42,43,44,45,46,47,48,50,51,52,53,54,55,56,57,59,60,61,62,63,64,65,66,67,69,70,71,72,73,74,75,76,77,79,80,81,82,83,84,85,86,87,89,90,91,92,93,94,95,96,97,99,100,101,102,103,104,105,106,107,109,110,111,112,113,114,115,116,117,119,120,121,122,123,124,125,126,127,129,130,131,132,133,134,135,136,138,139,140,141,142,143,144,145,146,148,149,150,151,152,153,154,155,156,158,159,160,161,162,163,164,165,166,168,169,170,171,172,173,174,175,176,178,179,180,181,182,183,184,185,186,0,0,0,0,0,0,0,0,0},
{0,0,0,0,0,0,0,0,0,0,0,0,1,2,3,4,5,7,8,9,10,11,12,13,14,16,17,18,19,20,21,22,23,25,26,27,28,29,30,31,32,34,35,36,37,38,39,40,41,42,44,45,46,47,48,49,50,51,53,54,55,56,57,58,59,60,62,63,64,65,66,67,68,69,71,72,73,74,75,76,77,78,80,81,82,83,84,85,86,87,89,90,91,92,93,94,95,96,97,99,100,101,102,103,104,105,106,108,109,110,111,112,113,114,115,117,118,119,120,121,122,123,124,126,127,128,129,130,131,132,133,135,136,137,138,139,140,141,142,144,145,146,147,148,149,150,151,152,154,155,156,157,158,159,160,161,163,164,165,166,167,168,169,170,172,173,174,175,176,177,178,179,181,182,183,184,185,186,187,0,0,0,0,0,0,0,0,0},
{0,0,0,0,0,0,0,0,0,0,0,0,0,1,2,4,5,6,7,8,9,10,11,13,14,15,16,17,18,19,21,22,23,24,25,26,27,28,30,31,32,33,34,35,36,38,39,40,41,42,43,44,45,47,48,49,50,51,52,53,54,56,57,58,59,60,61,62,64,65,66,67,68,69,70,71,73,74,75,76,77,78,79,81,82,83,84,85,86,87,88,90,91,92,93,94,95,96,98,99,100,101,102,103,104,105,107,108,109,110,111,112,113,115,116,117,118,119,120,121,122,124,125,126,127,128,129,130,132,133,134,135,136,137,138,139,141,142,143,144,145,146,147,148,150,151,152,153,154,155,156,158,159,160,161,162,163,164,165,167,168,169,170,171,172,173,175,176,177,178,179,180,181,182,184,185,186,187,0,0,0,0,0,0,0,0,0,0},
{0,0,0,0,0,0,0,0,0,0,0,0,0,0,2,3,4,5,6,7,8,10,11,12,13,14,15,16,18,19,20,21,22,23,24,26,27,28,29,30,31,32,34,35,36,37,38,39,40,42,43,44,45,46,47,48,50,51,52,53,54,55,56,58,59,60,61,62,63,64,66,67,68,69,70,71,72,74,75,76,77,78,79,80,82,83,84,85,86,87,88,90,91,92,93,94,95,96,98,99,100,101,102,103,104,106,107,108,109,110,111,112,114,115,116,117,118,119,120,122,123,124,125,126,127,128,130,131,132,133,134,135,136,138,139,140,141,142,143,144,146,147,148,149,150,151,152,154,155,156,157,158,159,160,162,163,164,165,166,167,168,170,171,172,173,174,175,176,178,179,180,181,182,183,184,186,187,0,0,0,0,0,0,0,0,0,0,0},
{0,0,0,0,0,0,0,0,0,0,0,0,0,0,1,2,3,4,5,7,8,9,10,11,12,13,15,16,17,18,19,20,22,23,24,25,26,27,28,30,31,32,33,34,35,37,38,39,40,41,42,43,45,46,47,48,49,50,51,53,54,55,56,57,58,60,61,62,63,64,65,66,68,69,70,71,72,73,75,76,77,78,79,80,81,83,84,85,86,87,88,90,91,92,93,94,95,96,98,99,100,101,102,103,105,106,107,108,109,110,111,113,114,115,116,117,118,120,121,122,123,124,125,126,128,129,130,131,132,133,135,136,137,138,139,140,141,143,144,145,146,147,148,149,151,152,153,154,155,156,158,159,160,161,162,163,164,166,167,168,169,170,171,173,174,175,176,177,178,179,181,182,183,184,185,186,0,0,0,0,0,0,0,0,0,0,0,0},
{0,0,0,0,0,0,0,0,0,0,0,0,0,0,0,1,2,3,5,6,7,8,9,10,12,13,14,15,16,17,19,20,21,22,23,24,26,27,28,29,30,31,33,34,35,36,37,38,39,41,42,43,44,45,46,48,49,50,51,52,53,55,56,57,58,59,60,62,63,64,65,66,67,69,70,71,72,73,74,76,77,78,79,80,81,83,84,85,86,87,88,90,91,92,93,94,95,96,98,99,100,101,102,103,105,106,107,108,109,110,112,113,114,115,116,117,119,120,121,122,123,124,126,127,128,129,130,131,133,134,135,136,137,138,140,141,142,143,144,145,147,148,149,150,151,152,153,155,156,157,158,159,160,162,163,164,165,166,167,169,170,171,172,173,174,176,177,178,179,180,181,183,184,185,186,187,0,0,0,0,0,0,0,0,0,0,0,0},
{0,0,0,0,0,0,0,0,0,0,0,0,0,0,0,0,1,3,4,5,6,7,8,10,11,12,13,14,16,17,18,19,20,21,23,24,25,26,27,28,30,31,32,33,34,35,37,38,39,40,41,43,44,45,46,47,48,50,51,52,53,54,55,57,58,59,60,61,62,64,65,66,67,68,70,71,72,73,74,75,77,78,79,80,81,82,84,85,86,87,88,89,91,92,93,94,95,97,98,99,100,101,102,104,105,106,107,108,109,111,112,113,114,115,116,118,119,120,121,122,124,125,126,127,128,129,131,132,133,134,135,136,138,139,140,141,142,143,145,146,147,148,149,151,152,153,154,155,156,158,159,160,161,162,163,165,166,167,168,169,170,172,173,174,175,176,178,179,180,181,182,183,185,186,187,0,0,0,0,0,0,0,0,0,0,0,0,0},
{0,0,0,0,0,0,0,0,0,0,0,0,0,0,0,0,1,2,3,4,5,6,8,9,10,11,12,14,15,16,17,18,20,21,22,23,24,25,27,28,29,30,31,33,34,35,36,37,38,40,41,42,43,44,46,47,48,49,50,52,53,54,55,56,57,59,60,61,62,63,65,66,67,68,69,70,72,73,74,75,76,78,79,80,81,82,84,85,86,87,88,89,91,92,93,94,95,97,98,99,100,101,102,104,105,106,107,108,110,111,112,113,114,116,117,118,119,120,121,123,124,125,126,127,129,130,131,132,133,134,136,137,138,139,140,142,143,144,145,146,148,149,150,151,152,153,155,156,157,158,159,161,162,163,164,165,166,168,169,170,171,172,174,175,176,177,178,180,181,182,183,184,185,187,0,0,0,0,0,0,0,0,0,0,0,0,0,0},
{0,0,0,0,0,0,0,0,0,0,0,0,0,0,0,0,0,1,2,3,4,6,7,8,9,10,12,13,14,15,16,18,19,20,21,22,24,25,26,27,28,30,31,32,33,34,36,37,38,39,40,42,43,44,45,46,48,49,50,51,52,54,55,56,57,58,60,61,62,63,64,65,67,68,69,70,71,73,74,75,76,77,79,80,81,82,83,85,86,87,88,89,91,92,93,94,95,97,98,99,100,101,103,104,105,106,107,109,110,111,112,113,115,116,117,118,119,121,122,123,124,125,126,128,129,130,131,132,134,135,136,137,138,140,141,142,143,144,146,147,148,149,150,152,153,154,155,156,158,159,160,161,162,164,165,166,167,168,170,171,172,173,174,176,177,178,179,180,182,183,184,185,186,187,0,0,0,0,0,0,0,0,0,0,0,0,0,0},
{0,0,0,0,0,0,0,0,0,0,0,0,0,0,0,0,0,0,1,2,4,5,6,7,8,10,11,12,13,15,16,17,18,19,21,22,23,24,25,27,28,29,30,31,33,34,35,36,37,39,40,41,42,43,45,46,47,48,50,51,52,53,54,56,57,58,59,60,62,63,64,65,66,68,69,70,71,72,74,75,76,77,79,80,81,82,83,85,86,87,88,89,91,92,93,94,95,97,98,99,100,101,103,104,105,106,107,109,110,111,112,114,115,116,117,118,120,121,122,123,124,126,127,128,129,130,132,133,134,135,136,138,139,140,141,143,144,145,146,147,149,150,151,152,153,155,156,157,158,159,161,162,163,164,165,167,168,169,170,171,173,174,175,176,178,179,180,181,182,184,185,186,187,0,0,0,0,0,0,0,0,0,0,0,0,0,0,0},
{0,0,0,0,0,0,0,0,0,0,0,0,0,0,0,0,0,0,0,2,3,4,5,6,8,9,10,11,13,14,15,16,17,19,20,21,22,24,25,26,27,28,30,31,32,33,34,36,37,38,39,41,42,43,44,45,47,48,49,50,52,53,54,55,56,58,59,60,61,63,64,65,66,67,69,70,71,72,73,75,76,77,78,80,81,82,83,84,86,87,88,89,91,92,93,94,95,97,98,99,100,102,103,104,105,106,108,109,110,111,113,114,115,116,117,119,120,121,122,123,125,126,127,128,130,131,132,133,134,136,137,138,139,141,142,143,144,145,147,148,149,150,152,153,154,155,156,158,159,160,161,162,164,165,166,167,169,170,171,172,173,175,176,177,178,180,181,182,183,184,186,187,0,0,0,0,0,0,0,0,0,0,0,0,0,0,0,0},
{0,0,0,0,0,0,0,0,0,0,0,0,0,0,0,0,0,0,0,1,2,3,4,6,7,8,9,11,12,13,14,15,17,18,19,20,22,23,24,25,27,28,29,30,31,33,34,35,36,38,39,40,41,43,44,45,46,47,49,50,51,52,54,55,56,57,59,60,61,62,63,65,66,67,68,70,71,72,73,75,76,77,78,79,81,82,83,84,86,87,88,89,91,92,93,94,95,97,98,99,100,102,103,104,105,107,108,109,110,111,113,114,115,116,118,119,120,121,123,124,125,126,127,129,130,131,132,134,135,136,137,139,140,141,142,143,145,146,147,148,150,151,152,153,155,156,157,158,159,161,162,163,164,166,167,168,169,171,172,173,174,175,177,178,179,180,182,183,184,185,187,0,0,0,0,0,0,0,0,0,0,0,0,0,0,0,0,0},
{0,0,0,0,0,0,0,0,0,0,0,0,0,0,0,0,0,0,0,0,1,2,4,5,6,7,8,10,11,12,13,15,16,17,18,20,21,22,23,25,26,27,28,30,31,32,33,35,36,37,38,40,41,42,43,45,46,47,48,49,51,52,53,54,56,57,58,59,61,62,63,64,66,67,68,69,71,72,73,74,76,77,78,79,81,82,83,84,86,87,88,89,91,92,93,94,95,97,98,99,100,102,103,104,105,107,108,109,110,112,113,114,115,117,118,119,120,122,123,124,125,127,128,129,130,132,133,134,135,137,138,139,140,141,143,144,145,146,148,149,150,151,153,154,155,156,158,159,160,161,163,164,165,166,168,169,170,171,173,174,175,176,178,179,180,181,182,184,185,186,187,0,0,0,0,0,0,0,0,0,0,0,0,0,0,0,0,0},
{0,0,0,0,0,0,0,0,0,0,0,0,0,0,0,0,0,0,0,0,0,1,3,4,5,6,8,9,10,11,13,14,15,16,18,19,20,21,23,24,25,26,28,29,30,31,33,34,35,37,38,39,40,42,43,44,45,47,48,49,50,52,53,54,55,57,58,59,60,62,63,64,65,67,68,69,70,72,73,74,75,77,78,79,80,82,83,84,85,87,88,89,90,92,93,94,96,97,98,99,101,102,103,104,106,107,108,109,111,112,113,114,116,117,118,119,121,122,123,124,126,127,128,129,131,132,133,134,136,137,138,139,141,142,143,144,146,147,148,149,151,152,153,155,156,157,158,160,161,162,163,165,166,167,168,170,171,172,173,175,176,177,178,180,181,182,183,185,186,187,0,0,0,0,0,0,0,0,0,0,0,0,0,0,0,0,0,0},
{0,0,0,0,0,0,0,0,0,0,0,0,0,0,0,0,0,0,0,0,0,0,2,3,4,6,7,8,9,11,12,13,14,16,17,18,19,21,22,23,25,26,27,28,30,31,32,33,35,36,37,38,40,41,42,44,45,46,47,49,50,51,52,54,55,56,58,59,60,61,63,64,65,66,68,69,70,71,73,74,75,77,78,79,80,82,83,84,85,87,88,89,90,92,93,94,96,97,98,99,101,102,103,104,106,107,108,109,111,112,113,115,116,117,118,120,121,122,123,125,126,127,128,130,131,132,134,135,136,137,139,140,141,142,144,145,146,148,149,150,151,153,154,155,156,158,159,160,161,163,164,165,167,168,169,170,172,173,174,175,177,178,179,180,182,183,184,186,187,0,0,0,0,0,0,0,0,0,0,0,0,0,0,0,0,0,0,0},
{0,0,0,0,0,0,0,0,0,0,0,0,0,0,0,0,0,0,0,0,0,0,1,2,3,5,6,7,8,10,11,12,14,15,16,17,19,20,21,23,24,25,26,28,29,30,32,33,34,35,37,38,39,41,42,43,44,46,47,48,49,51,52,53,55,56,57,58,60,61,62,64,65,66,67,69,70,71,73,74,75,76,78,79,80,81,83,84,85,87,88,89,90,92,93,94,96,97,98,99,101,102,103,105,106,107,108,110,111,112,113,115,116,117,119,120,121,122,124,125,126,128,129,130,131,133,134,135,137,138,139,140,142,143,144,145,147,148,149,151,152,153,154,156,157,158,160,161,162,163,165,166,167,169,170,171,172,174,175,176,178,179,180,181,183,184,185,186,0,0,0,0,0,0,0,0,0,0,0,0,0,0,0,0,0,0,0,0},
{0,0,0,0,0,0,0,0,0,0,0,0,0,0,0,0,0,0,0,0,0,0,0,1,2,4,5,6,8,9,10,12,13,14,15,17,18,19,21,22,23,24,26,27,28,30,31,32,34,35,36,37,39,40,41,43,44,45,46,48,49,50,52,53,54,55,57,58,59,61,62,63,65,66,67,68,70,71,72,74,75,76,77,79,80,81,83,84,85,87,88,89,90,92,93,94,96,97,98,99,101,102,103,105,106,107,109,110,111,112,114,115,116,118,119,120,121,123,124,125,127,128,129,131,132,133,134,136,137,138,140,141,142,143,145,146,147,149,150,151,152,154,155,156,158,159,160,162,163,164,165,167,168,169,171,172,173,174,176,177,178,180,181,182,184,185,186,187,0,0,0,0,0,0,0,0,0,0,0,0,0,0,0,0,0,0,0,0},
{0,0,0,0,0,0,0,0,0,0,0,0,0,0,0,0,0,0,0,0,0,0,0,0,2,3,4,5,7,8,9,11,12,13,15,16,17,19,20,21,22,24,25,26,28,29,30,32,33,34,36,37,38,39,41,42,43,45,46,47,49,50,51,52,54,55,56,58,59,60,62,63,64,66,67,68,69,71,72,73,75,76,77,79,80,81,83,84,85,86,88,89,90,92,93,94,96,97,98,100,101,102,103,105,106,107,109,110,111,113,114,115,117,118,119,120,122,123,124,126,127,128,130,131,132,134,135,136,137,139,140,141,143,144,145,147,148,149,150,152,153,154,156,157,158,160,161,162,164,165,166,167,169,170,171,173,174,175,177,178,179,181,182,183,184,186,187,0,0,0,0,0,0,0,0,0,0,0,0,0,0,0,0,0,0,0,0,0},
{0,0,0,0,0,0,0,0,0,0,0,0,0,0,0,0,0,0,0,0,0,0,0,0,1,2,3,5,6,7,9,10,11,12,14,15,16,18,19,20,22,23,24,26,27,28,30,31,32,34,35,36,38,39,40,42,43,44,45,47,48,49,51,52,53,55,56,57,59,60,61,63,64,65,67,68,69,71,72,73,75,76,77,78,80,81,82,84,85,86,88,89,90,92,93,94,96,97,98,100,101,102,104,105,106,108,109,110,111,113,114,115,117,118,119,121,122,123,125,126,127,129,130,131,133,134,135,137,138,139,141,142,143,144,146,147,148,150,151,152,154,155,156,158,159,160,162,163,164,166,167,168,170,171,172,174,175,176,177,179,180,181,183,184,185,187,0,0,0,0,0,0,0,0,0,0,0,0,0,0,0,0,0,0,0,0,0,0},
{0,0,0,0,0,0,0,0,0,0,0,0,0,0,0,0,0,0,0,0,0,0,0,0,0,1,2,4,5,6,8,9,10,12,13,14,16,17,18,20,21,22,24,25,26,28,29,30,32,33,34,36,37,38,40,41,42,44,45,46,48,49,50,52,53,54,56,57,58,60,61,62,64,65,66,68,69,70,72,73,74,76,77,78,80,81,82,84,85,86,88,89,90,92,93,94,96,97,98,100,101,102,104,105,106,108,109,110,112,113,114,116,117,118,120,121,122,124,125,126,128,129,130,132,133,134,136,137,138,140,141,142,144,145,146,148,149,150,152,153,154,156,157,158,160,161,162,164,165,166,168,169,170,172,173,174,176,177,178,180,181,182,184,185,186,0,0,0,0,0,0,0,0,0,0,0,0,0,0,0,0,0,0,0,0,0,0,0},
{0,0,0,0,0,0,0,0,0,0,0,0,0,0,0,0,0,0,0,0,0,0,0,0,0,0,1,3,4,5,7,8,9,11,12,13,15,16,18,19,20,22,23,24,26,27,28,30,31,32,34,35,36,38,39,40,42,43,44,46,47,49,50,51,53,54,55,57,58,59,61,62,63,65,66,67,69,70,71,73,74,75,77,78,80,81,82,84,85,86,88,89,90,92,93,94,96,97,98,100,101,102,104,105,106,108,109,111,112,113,115,116,117,119,120,121,123,124,125,127,128,129,131,132,133,135,136,137,139,140,142,143,144,146,147,148,150,151,152,154,155,156,158,159,160,162,163,164,166,167,168,170,171,173,174,175,177,178,179,181,182,183,185,186,187,0,0,0,0,0,0,0,0,0,0,0,0,0,0,0,0,0,0,0,0,0,0,0},
{0,0,0,0,0,0,0,0,0,0,0,0,0,0,0,0,0,0,0,0,0,0,0,0,0,0,0,2,3,4,6,7,9,10,11,13,14,15,17,18,19,21,22,24,25,26,28,29,30,32,33,34,36,37,38,40,41,43,44,45,47,48,49,51,52,53,55,56,58,59,60,62,63,64,66,67,68,70,71,73,74,75,77,78,79,81,82,83,85,86,88,89,90,92,93,94,96,97,98,100,101,103,104,105,107,108,109,111,112,113,115,116,118,119,120,122,123,124,126,127,128,130,131,133,134,135,137,138,139,141,142,143,145,146,148,149,150,152,153,154,156,157,158,160,161,162,164,165,167,168,169,171,172,173,175,176,177,179,180,182,183,184,186,187,0,0,0,0,0,0,0,0,0,0,0,0,0,0,0,0,0,0,0,0,0,0,0,0},
{0,0,0,0,0,0,0,0,0,0,0,0,0,0,0,0,0,0,0,0,0,0,0,0,0,0,0,1,2,3,5,6,8,9,10,12,13,14,16,17,19,20,21,23,24,26,27,28,30,31,32,34,35,37,38,39,41,42,43,45,46,48,49,50,52,53,54,56,57,59,60,61,63,64,65,67,68,70,71,72,74,75,76,78,79,81,82,83,85,86,87,89,90,92,93,94,96,97,99,100,101,103,104,105,107,108,110,111,112,114,115,116,118,119,121,122,123,125,126,127,129,130,132,133,134,136,137,138,140,141,143,144,145,147,148,149,151,152,154,155,156,158,159,160,162,163,165,166,167,169,170,172,173,174,176,177,178,180,181,183,184,185,187,0,0,0,0,0,0,0,0,0,0,0,0,0,0,0,0,0,0,0,0,0,0,0,0,0},
{0,0,0,0,0,0,0,0,0,0,0,0,0,0,0,0,0,0,0,0,0,0,0,0,0,0,0,0,1,2,4,5,7,8,9,11,12,14,15,16,18,19,21,22,23,25,26,28,29,30,32,33,35,36,37,39,40,41,43,44,46,47,48,50,51,53,54,55,57,58,60,61,62,64,65,67,68,69,71,72,74,75,76,78,79,80,82,83,85,86,87,89,90,92,93,94,96,97,99,100,101,103,104,106,107,108,110,111,112,114,115,117,118,119,121,122,124,125,126,128,129,131,132,133,135,136,138,139,140,142,143,145,146,147,149,150,151,153,154,156,157,158,160,161,163,164,165,167,168,170,171,172,174,175,177,178,179,181,182,184,185,186,0,0,0,0,0,0,0,0,0,0,0,0,0,0,0,0,0,0,0,0,0,0,0,0,0,0},
{0,0,0,0,0,0,0,0,0,0,0,0,0,0,0,0,0,0,0,0,0,0,0,0,0,0,0,0,0,1,3,4,6,7,9,10,11,13,14,16,17,18,20,21,23,24,25,27,28,30,31,32,34,35,37,38,40,41,42,44,45,47,48,49,51,52,54,55,56,58,59,61,62,63,65,66,68,69,70,72,73,75,76,78,79,80,82,83,85,86,87,89,90,92,93,94,96,97,99,100,101,103,104,106,107,108,110,111,113,114,116,117,118,120,121,123,124,125,127,128,130,131,132,134,135,137,138,139,141,142,144,145,146,148,149,151,152,154,155,156,158,159,161,162,163,165,166,168,169,170,172,173,175,176,177,179,180,182,183,185,186,187,0,0,0,0,0,0,0,0,0,0,0,0,0,0,0,0,0,0,0,0,0,0,0,0,0,0},
{0,0,0,0,0,0,0,0,0,0,0,0,0,0,0,0,0,0,0,0,0,0,0,0,0,0,0,0,0,0,2,3,5,6,8,9,10,12,13,15,16,18,19,20,22,23,25,26,28,29,30,32,33,35,36,37,39,40,42,43,45,46,47,49,50,52,53,55,56,57,59,60,62,63,65,66,67,69,70,72,73,74,76,77,79,80,82,83,84,86,87,89,90,92,93,94,96,97,99,100,102,103,104,106,107,109,110,112,113,114,116,117,119,120,121,123,124,126,127,129,130,131,133,134,136,137,139,140,141,143,144,146,147,149,150,151,153,154,156,157,158,160,161,163,164,166,167,168,170,171,173,174,176,177,178,180,181,183,184,186,187,0,0,0,0,0,0,0,0,0,0,0,0,0,0,0,0,0,0,0,0,0,0,0,0,0,0,0},
{0,0,0,0,0,0,0,0,0,0,0,0,0,0,0,0,0,0,0,0,0,0,0,0,0,0,0,0,0,0,1,2,4,5,7,8,10,11,12,14,15,17,18,20,21,22,24,25,27,28,30,31,33,34,35,37,38,40,41,43,44,45,47,48,50,51,53,54,56,57,58,60,61,63,64,66,67,69,70,71,73,74,76,77,79,80,81,83,84,86,87,89,90,92,93,94,96,97,99,100,102,103,105,106,107,109,110,112,113,115,116,117,119,120,122,123,125,126,128,129,130,132,133,135,136,138,139,141,142,143,145,146,148,149,151,152,153,155,156,158,159,161,162,164,165,166,168,169,171,172,174,175,176,178,179,181,182,184,185,187,0,0,0,0,0,0,0,0,0,0,0,0,0,0,0,0,0,0,0,0,0,0,0,0,0,0,0,0},
{0,0,0,0,0,0,0,0,0,0,0,0,0,0,0,0,0,0,0,0,0,0,0,0,0,0,0,0,0,0,0,1,3,4,6,7,9,10,11,13,14,16,17,19,20,22,23,25,26,27,29,30,32,33,35,36,38,39,41,42,43,45,46,48,49,51,52,54,55,57,58,60,61,62,64,65,67,68,70,71,73,74,76,77,78,80,81,83,84,86,87,89,90,92,93,94,96,97,99,100,102,103,105,106,108,109,110,112,113,115,116,118,119,121,122,124,125,126,128,129,131,132,134,135,137,138,140,141,143,144,145,147,148,150,151,153,154,156,157,159,160,161,163,164,166,167,169,170,172,173,175,176,177,179,180,182,183,185,186,0,0,0,0,0,0,0,0,0,0,0,0,0,0,0,0,0,0,0,0,0,0,0,0,0,0,0,0,0},
{0,0,0,0,0,0,0,0,0,0,0,0,0,0,0,0,0,0,0,0,0,0,0,0,0,0,0,0,0,0,0,0,2,3,5,6,8,9,11,12,13,15,16,18,19,21,22,24,25,27,28,30,31,33,34,36,37,39,40,41,43,44,46,47,49,50,52,53,55,56,58,59,61,62,64,65,66,68,69,71,72,74,75,77,78,80,81,83,84,86,87,89,90,92,93,94,96,97,99,100,102,103,105,106,108,109,111,112,114,115,117,118,120,121,122,124,125,127,128,130,131,133,134,136,137,139,140,142,143,145,146,147,149,150,152,153,155,156,158,159,161,162,164,165,167,168,170,171,173,174,175,177,178,180,181,183,184,186,187,0,0,0,0,0,0,0,0,0,0,0,0,0,0,0,0,0,0,0,0,0,0,0,0,0,0,0,0,0},
{0,0,0,0,0,0,0,0,0,0,0,0,0,0,0,0,0,0,0,0,0,0,0,0,0,0,0,0,0,0,0,0,1,2,4,5,7,8,10,11,13,14,16,17,18,20,21,23,24,26,27,29,30,32,33,35,36,38,39,41,42,44,45,47,48,50,51,53,54,56,57,59,60,62,63,65,66,68,69,71,72,74,75,77,78,80,81,83,84,86,87,89,90,92,93,94,96,97,99,100,102,103,105,106,108,109,111,112,114,115,117,118,120,121,123,124,126,127,129,130,132,133,135,136,138,139,141,142,144,145,147,148,150,151,153,154,156,157,159,160,162,163,165,166,168,169,170,172,173,175,176,178,179,181,182,184,185,187,0,0,0,0,0,0,0,0,0,0,0,0,0,0,0,0,0,0,0,0,0,0,0,0,0,0,0,0,0,0},
{0,0,0,0,0,0,0,0,0,0,0,0,0,0,0,0,0,0,0,0,0,0,0,0,0,0,0,0,0,0,0,0,0,1,3,4,6,7,9,10,12,13,15,16,18,19,21,22,24,25,27,28,30,31,33,34,36,37,39,40,42,43,45,46,48,49,51,52,54,55,57,58,60,61,63,64,66,67,69,70,72,73,75,76,78,79,81,82,84,85,87,88,90,91,93,95,96,98,99,101,102,104,105,107,108,110,111,113,114,116,117,119,120,122,123,125,126,128,129,131,132,134,135,137,138,140,141,143,144,146,147,149,150,152,153,155,156,158,159,161,162,164,165,167,168,170,171,173,174,176,177,179,180,182,183,185,186,0,0,0,0,0,0,0,0,0,0,0,0,0,0,0,0,0,0,0,0,0,0,0,0,0,0,0,0,0,0,0},
{0,0,0,0,0,0,0,0,0,0,0,0,0,0,0,0,0,0,0,0,0,0,0,0,0,0,0,0,0,0,0,0,0,0,1,3,5,6,8,9,11,12,14,15,17,18,20,21,23,24,26,27,29,30,32,33,35,37,38,40,41,43,44,46,47,49,50,52,53,55,56,58,59,61,62,64,66,67,69,70,72,73,75,76,78,79,81,82,84,85,87,88,90,91,93,95,96,98,99,101,102,104,105,107,108,110,111,113,114,116,117,119,120,122,124,125,127,128,130,131,133,134,136,137,139,140,142,143,145,146,148,149,151,153,154,156,157,159,160,162,163,165,166,168,169,171,172,174,175,177,178,180,181,183,185,186,0,0,0,0,0,0,0,0,0,0,0,0,0,0,0,0,0,0,0,0,0,0,0,0,0,0,0,0,0,0,0,0},
{0,0,0,0,0,0,0,0,0,0,0,0,0,0,0,0,0,0,0,0,0,0,0,0,0,0,0,0,0,0,0,0,0,0,0,2,3,5,7,8,10,11,13,14,16,17,19,20,22,24,25,27,28,30,31,33,34,36,37,39,40,42,44,45,47,48,50,51,53,54,56,57,59,61,62,64,65,67,68,70,71,73,74,76,78,79,81,82,84,85,87,88,90,91,93,95,96,98,99,101,102,104,105,107,108,110,112,113,115,116,118,119,121,122,124,125,127,129,130,132,133,135,136,138,139,141,142,144,146,147,149,150,152,153,155,156,158,159,161,162,164,166,167,169,170,172,173,175,176,178,179,181,183,184,186,187,0,0,0,0,0,0,0,0,0,0,0,0,0,0,0,0,0,0,0,0,0,0,0,0,0,0,0,0,0,0,0,0},
{0,0,0,0,0,0,0,0,0,0,0,0,0,0,0,0,0,0,0,0,0,0,0,0,0,0,0,0,0,0,0,0,0,0,0,1,2,4,5,7,9,10,12,13,15,16,18,20,21,23,24,26,27,29,30,32,34,35,37,38,40,41,43,45,46,48,49,51,52,54,55,57,59,60,62,63,65,66,68,70,71,73,74,76,77,79,80,82,84,85,87,88,90,91,93,95,96,98,99,101,102,104,106,107,109,110,112,113,115,116,118,120,121,123,124,126,127,129,131,132,134,135,137,138,140,141,143,145,146,148,149,151,152,154,156,157,159,160,162,163,165,166,168,170,171,173,174,176,177,179,181,182,184,185,187,0,0,0,0,0,0,0,0,0,0,0,0,0,0,0,0,0,0,0,0,0,0,0,0,0,0,0,0,0,0,0,0,0},
{0,0,0,0,0,0,0,0,0,0,0,0,0,0,0,0,0,0,0,0,0,0,0,0,0,0,0,0,0,0,0,0,0,0,0,0,1,3,4,6,8,9,11,12,14,15,17,19,20,22,23,25,27,28,30,31,33,34,36,38,39,41,42,44,46,47,49,50,52,53,55,57,58,60,61,63,65,66,68,69,71,72,74,76,77,79,80,82,84,85,87,88,90,91,93,95,96,98,99,101,102,104,106,107,109,110,112,114,115,117,118,120,121,123,125,126,128,129,131,133,134,136,137,139,140,142,144,145,147,148,150,152,153,155,156,158,159,161,163,164,166,167,169,171,172,174,175,177,178,180,182,183,185,186,0,0,0,0,0,0,0,0,0,0,0,0,0,0,0,0,0,0,0,0,0,0,0,0,0,0,0,0,0,0,0,0,0,0},
{0,0,0,0,0,0,0,0,0,0,0,0,0,0,0,0,0,0,0,0,0,0,0,0,0,0,0,0,0,0,0,0,0,0,0,0,0,2,3,5,6,8,10,11,13,14,16,18,19,21,22,24,26,27,29,31,32,34,35,37,39,40,42,43,45,47,48,50,51,53,55,56,58,59,61,63,64,66,67,69,71,72,74,75,77,79,80,82,83,85,87,88,90,91,93,95,96,98,99,101,103,104,106,107,109,111,112,114,115,117,119,120,122,123,125,127,128,130,131,133,135,136,138,139,141,143,144,146,147,149,151,152,154,155,157,159,160,162,164,165,167,168,170,172,173,175,176,178,180,181,183,184,186,0,0,0,0,0,0,0,0,0,0,0,0,0,0,0,0,0,0,0,0,0,0,0,0,0,0,0,0,0,0,0,0,0,0,0},
{0,0,0,0,0,0,0,0,0,0,0,0,0,0,0,0,0,0,0,0,0,0,0,0,0,0,0,0,0,0,0,0,0,0,0,0,0,0,2,4,5,7,9,10,12,13,15,17,18,20,22,23,25,26,28,30,31,33,35,36,38,39,41,43,44,46,48,49,51,52,54,56,57,59,61,62,64,65,67,69,70,72,74,75,77,78,80,82,83,85,87,88,90,91,93,95,96,98,99,101,103,104,106,108,109,111,112,114,116,117,119,121,122,124,125,127,129,130,132,134,135,137,138,140,142,143,145,147,148,150,151,153,155,156,158,160,161,163,164,166,168,169,171,173,174,176,177,179,181,182,184,186,187,0,0,0,0,0,0,0,0,0,0,0,0,0,0,0,0,0,0,0,0,0,0,0,0,0,0,0,0,0,0,0,0,0,0,0},
{0,0,0,0,0,0,0,0,0,0,0,0,0,0,0,0,0,0,0,0,0,0,0,0,0,0,0,0,0,0,0,0,0,0,0,0,0,0,1,3,4,6,8,9,11,12,14,16,17,19,21,22,24,26,27,29,31,32,34,35,37,39,40,42,44,45,47,49,50,52,54,55,57,58,60,62,63,65,67,68,70,72,73,75,77,78,80,81,83,85,86,88,90,91,93,95,96,98,100,101,103,105,106,108,109,111,113,114,116,118,119,121,123,124,126,128,129,131,132,134,136,137,139,141,142,144,146,147,149,151,152,154,155,157,159,160,162,164,165,167,169,170,172,174,175,177,178,180,182,183,185,187,0,0,0,0,0,0,0,0,0,0,0,0,0,0,0,0,0,0,0,0,0,0,0,0,0,0,0,0,0,0,0,0,0,0,0,0},
{0,0,0,0,0,0,0,0,0,0,0,0,0,0,0,0,0,0,0,0,0,0,0,0,0,0,0,0,0,0,0,0,0,0,0,0,0,0,0,1,3,5,6,8,10,11,13,15,16,18,20,21,23,25,26,28,30,31,33,35,36,38,40,41,43,45,46,48,50,51,53,55,56,58,60,61,63,65,66,68,70,71,73,75,76,78,80,81,83,85,86,88,90,91,93,95,96,98,100,101,103,105,106,108,110,111,113,115,116,118,120,121,123,125,126,128,130,131,133,135,136,138,140,141,143,145,146,148,150,151,153,155,156,158,160,161,163,165,166,168,170,171,173,175,176,178,180,181,183,185,186,0,0,0,0,0,0,0,0,0,0,0,0,0,0,0,0,0,0,0,0,0,0,0,0,0,0,0,0,0,0,0,0,0,0,0,0,0},
{0,0,0,0,0,0,0,0,0,0,0,0,0,0,0,0,0,0,0,0,0,0,0,0,0,0,0,0,0,0,0,0,0,0,0,0,0,0,0,0,2,4,5,7,9,10,12,14,15,17,19,20,22,24,26,27,29,31,32,34,36,37,39,41,42,44,46,47,49,51,53,54,56,58,59,61,63,64,66,68,69,71,73,74,76,78,80,81,83,85,86,88,90,91,93,95,96,98,100,101,103,105,106,108,110,112,113,115,117,118,120,122,123,125,127,128,130,132,133,135,137,139,140,142,144,145,147,149,150,152,154,155,157,159,160,162,164,166,167,169,171,172,174,176,177,179,181,182,184,186,187,0,0,0,0,0,0,0,0,0,0,0,0,0,0,0,0,0,0,0,0,0,0,0,0,0,0,0,0,0,0,0,0,0,0,0,0,0},
{0,0,0,0,0,0,0,0,0,0,0,0,0,0,0,0,0,0,0,0,0,0,0,0,0,0,0,0,0,0,0,0,0,0,0,0,0,0,0,0,1,2,4,6,7,9,11,13,14,16,18,19,21,23,25,26,28,30,31,33,35,37,38,40,42,43,45,47,49,50,52,54,55,57,59,61,62,64,66,67,69,71,72,74,76,78,79,81,83,84,86,88,90,91,93,95,96,98,100,102,103,105,107,108,110,112,114,115,117,119,120,122,124,125,127,129,131,132,134,136,137,139,141,143,144,146,148,149,151,153,155,156,158,160,161,163,165,167,168,170,172,173,175,177,179,180,182,184,185,187,0,0,0,0,0,0,0,0,0,0,0,0,0,0,0,0,0,0,0,0,0,0,0,0,0,0,0,0,0,0,0,0,0,0,0,0,0,0},
{0,0,0,0,0,0,0,0,0,0,0,0,0,0,0,0,0,0,0,0,0,0,0,0,0,0,0,0,0,0,0,0,0,0,0,0,0,0,0,0,0,1,3,5,6,8,10,12,13,15,17,18,20,22,24,25,27,29,31,32,34,36,38,39,41,43,44,46,48,50,51,53,55,57,58,60,62,64,65,67,69,70,72,74,76,77,79,81,83,84,86,88,90,91,93,95,96,98,100,102,103,105,107,109,110,112,114,116,117,119,121,122,124,126,128,129,131,133,135,136,138,140,142,143,145,147,148,150,152,154,155,157,159,161,162,164,166,168,169,171,173,174,176,178,180,181,183,185,187,0,0,0,0,0,0,0,0,0,0,0,0,0,0,0,0,0,0,0,0,0,0,0,0,0,0,0,0,0,0,0,0,0,0,0,0,0,0,0},
{0,0,0,0,0,0,0,0,0,0,0,0,0,0,0,0,0,0,0,0,0,0,0,0,0,0,0,0,0,0,0,0,0,0,0,0,0,0,0,0,0,0,2,3,5,7,9,10,12,14,16,17,19,21,23,24,26,28,30,31,33,35,37,39,40,42,44,46,47,49,51,53,54,56,58,60,61,63,65,67,68,70,72,74,75,77,79,81,82,84,86,88,89,91,93,95,97,98,100,102,104,105,107,109,111,112,114,116,118,119,121,123,125,126,128,130,132,133,135,137,139,140,142,144,146,147,149,151,153,155,156,158,160,162,163,165,167,169,170,172,174,176,177,179,181,183,184,186,0,0,0,0,0,0,0,0,0,0,0,0,0,0,0,0,0,0,0,0,0,0,0,0,0,0,0,0,0,0,0,0,0,0,0,0,0,0,0,0},
{0,0,0,0,0,0,0,0,0,0,0,0,0,0,0,0,0,0,0,0,0,0,0,0,0,0,0,0,0,0,0,0,0,0,0,0,0,0,0,0,0,0,0,2,4,6,7,9,11,13,15,16,18,20,22,24,25,27,29,31,32,34,36,38,40,41,43,45,47,48,50,52,54,56,57,59,61,63,64,66,68,70,72,73,75,77,79,81,82,84,86,88,89,91,93,95,97,98,100,102,104,105,107,109,111,113,114,116,118,120,122,123,125,127,129,130,132,134,136,138,139,141,143,145,146,148,150,152,154,155,157,159,161,162,164,166,168,170,171,173,175,177,179,180,182,184,186,187,0,0,0,0,0,0,0,0,0,0,0,0,0,0,0,0,0,0,0,0,0,0,0,0,0,0,0,0,0,0,0,0,0,0,0,0,0,0,0,0},
{0,0,0,0,0,0,0,0,0,0,0,0,0,0,0,0,0,0,0,0,0,0,0,0,0,0,0,0,0,0,0,0,0,0,0,0,0,0,0,0,0,0,0,1,3,4,6,8,10,12,13,15,17,19,21,23,24,26,28,30,32,33,35,37,39,41,42,44,46,48,50,51,53,55,57,59,60,62,64,66,68,70,71,73,75,77,79,80,82,84,86,88,89,91,93,95,97,98,100,102,104,106,107,109,111,113,115,116,118,120,122,124,126,127,129,131,133,135,136,138,140,142,144,145,147,149,151,153,154,156,158,160,162,163,165,167,169,171,173,174,176,178,180,182,183,185,187,0,0,0,0,0,0,0,0,0,0,0,0,0,0,0,0,0,0,0,0,0,0,0,0,0,0,0,0,0,0,0,0,0,0,0,0,0,0,0,0,0},
{0,0,0,0,0,0,0,0,0,0,0,0,0,0,0,0,0,0,0,0,0,0,0,0,0,0,0,0,0,0,0,0,0,0,0,0,0,0,0,0,0,0,0,0,1,3,5,7,9,11,12,14,16,18,20,22,23,25,27,29,31,33,34,36,38,40,42,44,45,47,49,51,53,55,56,58,60,62,64,66,67,69,71,73,75,77,78,80,82,84,86,88,89,91,93,95,97,98,100,102,104,106,108,109,111,113,115,117,119,120,122,124,126,128,130,131,133,135,137,139,141,142,144,146,148,150,152,153,155,157,159,161,163,164,166,168,170,172,174,175,177,179,181,183,185,186,0,0,0,0,0,0,0,0,0,0,0,0,0,0,0,0,0,0,0,0,0,0,0,0,0,0,0,0,0,0,0,0,0,0,0,0,0,0,0,0,0,0},
{0,0,0,0,0,0,0,0,0,0,0,0,0,0,0,0,0,0,0,0,0,0,0,0,0,0,0,0,0,0,0,0,0,0,0,0,0,0,0,0,0,0,0,0,0,2,4,6,7,9,11,13,15,17,19,20,22,24,26,28,30,32,33,35,37,39,41,43,45,47,48,50,52,54,56,58,60,61,63,65,67,69,71,73,74,76,78,80,82,84,86,87,89,91,93,95,97,99,100,102,104,106,108,110,112,113,115,117,119,121,123,125,126,128,130,132,134,136,138,139,141,143,145,147,149,151,153,154,156,158,160,162,164,166,167,169,171,173,175,177,179,180,182,184,186,0,0,0,0,0,0,0,0,0,0,0,0,0,0,0,0,0,0,0,0,0,0,0,0,0,0,0,0,0,0,0,0,0,0,0,0,0,0,0,0,0,0,0},
{0,0,0,0,0,0,0,0,0,0,0,0,0,0,0,0,0,0,0,0,0,0,0,0,0,0,0,0,0,0,0,0,0,0,0,0,0,0,0,0,0,0,0,0,0,1,2,4,6,8,10,12,14,16,17,19,21,23,25,27,29,31,33,34,36,38,40,42,44,46,48,50,51,53,55,57,59,61,63,65,67,68,70,72,74,76,78,80,82,84,85,87,89,91,93,95,97,99,101,102,104,106,108,110,112,114,116,118,119,121,123,125,127,129,131,133,135,136,138,140,142,144,146,148,150,152,153,155,157,159,161,163,165,167,169,170,172,174,176,178,180,182,184,185,187,0,0,0,0,0,0,0,0,0,0,0,0,0,0,0,0,0,0,0,0,0,0,0,0,0,0,0,0,0,0,0,0,0,0,0,0,0,0,0,0,0,0,0},
{0,0,0,0,0,0,0,0,0,0,0,0,0,0,0,0,0,0,0,0,0,0,0,0,0,0,0,0,0,0,0,0,0,0,0,0,0,0,0,0,0,0,0,0,0,0,1,3,5,7,9,11,13,14,16,18,20,22,24,26,28,30,32,34,36,37,39,41,43,45,47,49,51,53,55,57,59,60,62,64,66,68,70,72,74,76,78,80,82,83,85,87,89,91,93,95,97,99,101,103,104,106,108,110,112,114,116,118,120,122,124,126,127,129,131,133,135,137,139,141,143,145,147,149,150,152,154,156,158,160,162,164,166,168,170,172,173,175,177,179,181,183,185,187,0,0,0,0,0,0,0,0,0,0,0,0,0,0,0,0,0,0,0,0,0,0,0,0,0,0,0,0,0,0,0,0,0,0,0,0,0,0,0,0,0,0,0,0},
{0,0,0,0,0,0,0,0,0,0,0,0,0,0,0,0,0,0,0,0,0,0,0,0,0,0,0,0,0,0,0,0,0,0,0,0,0,0,0,0,0,0,0,0,0,0,0,2,4,5,7,9,11,13,15,17,19,21,23,25,27,29,31,33,35,37,39,40,42,44,46,48,50,52,54,56,58,60,62,64,66,68,70,72,74,75,77,79,81,83,85,87,89,91,93,95,97,99,101,103,105,107,109,111,112,114,116,118,120,122,124,126,128,130,132,134,136,138,140,142,144,146,147,149,151,153,155,157,159,161,163,165,167,169,171,173,175,177,179,181,182,184,186,0,0,0,0,0,0,0,0,0,0,0,0,0,0,0,0,0,0,0,0,0,0,0,0,0,0,0,0,0,0,0,0,0,0,0,0,0,0,0,0,0,0,0,0,0},
{0,0,0,0,0,0,0,0,0,0,0,0,0,0,0,0,0,0,0,0,0,0,0,0,0,0,0,0,0,0,0,0,0,0,0,0,0,0,0,0,0,0,0,0,0,0,0,0,2,4,6,8,10,12,14,16,18,20,22,24,26,28,30,32,34,36,38,40,42,44,46,48,50,52,53,55,57,59,61,63,65,67,69,71,73,75,77,79,81,83,85,87,89,91,93,95,97,99,101,103,105,107,109,111,113,115,117,119,121,123,125,127,129,131,133,134,136,138,140,142,144,146,148,150,152,154,156,158,160,162,164,166,168,170,172,174,176,178,180,182,184,186,0,0,0,0,0,0,0,0,0,0,0,0,0,0,0,0,0,0,0,0,0,0,0,0,0,0,0,0,0,0,0,0,0,0,0,0,0,0,0,0,0,0,0,0,0,0},
{0,0,0,0,0,0,0,0,0,0,0,0,0,0,0,0,0,0,0,0,0,0,0,0,0,0,0,0,0,0,0,0,0,0,0,0,0,0,0,0,0,0,0,0,0,0,0,0,1,3,5,7,9,11,13,15,17,19,21,23,25,27,29,31,33,35,37,39,41,43,45,47,49,51,53,55,57,59,61,63,65,67,69,71,73,75,77,79,81,83,85,87,89,91,93,95,97,99,101,103,105,107,109,111,113,115,117,119,121,123,125,127,129,131,133,135,137,139,141,143,145,147,149,151,153,155,157,159,161,163,165,167,169,171,173,175,177,179,181,183,185,187,0,0,0,0,0,0,0,0,0,0,0,0,0,0,0,0,0,0,0,0,0,0,0,0,0,0,0,0,0,0,0,0,0,0,0,0,0,0,0,0,0,0,0,0,0,0},
{0,0,0,0,0,0,0,0,0,0,0,0,0,0,0,0,0,0,0,0,0,0,0,0,0,0,0,0,0,0,0,0,0,0,0,0,0,0,0,0,0,0,0,0,0,0,0,0,0,1,3,5,7,9,11,13,16,18,20,22,24,26,28,30,32,34,36,38,40,42,44,46,48,50,52,54,56,58,60,62,64,66,69,71,73,75,77,79,81,83,85,87,89,91,93,95,97,99,101,103,105,107,109,111,113,115,117,120,122,124,126,128,130,132,134,136,138,140,142,144,146,148,150,152,154,156,158,160,162,164,166,168,170,173,175,177,179,181,183,185,187,0,0,0,0,0,0,0,0,0,0,0,0,0,0,0,0,0,0,0,0,0,0,0,0,0,0,0,0,0,0,0,0,0,0,0,0,0,0,0,0,0,0,0,0,0,0,0},
{0,0,0,0,0,0,0,0,0,0,0,0,0,0,0,0,0,0,0,0,0,0,0,0,0,0,0,0,0,0,0,0,0,0,0,0,0,0,0,0,0,0,0,0,0,0,0,0,0,0,2,4,6,8,10,12,14,16,18,20,23,25,27,29,31,33,35,37,39,41,43,45,47,49,52,54,56,58,60,62,64,66,68,70,72,74,76,78,81,83,85,87,89,91,93,95,97,99,101,103,105,108,110,112,114,116,118,120,122,124,126,128,130,132,134,137,139,141,143,145,147,149,151,153,155,157,159,161,163,166,168,170,172,174,176,178,180,182,184,186,0,0,0,0,0,0,0,0,0,0,0,0,0,0,0,0,0,0,0,0,0,0,0,0,0,0,0,0,0,0,0,0,0,0,0,0,0,0,0,0,0,0,0,0,0,0,0,0},
{0,0,0,0,0,0,0,0,0,0,0,0,0,0,0,0,0,0,0,0,0,0,0,0,0,0,0,0,0,0,0,0,0,0,0,0,0,0,0,0,0,0,0,0,0,0,0,0,0,0,0,2,5,7,9,11,13,15,17,19,21,24,26,28,30,32,34,36,38,40,42,45,47,49,51,53,55,57,59,61,64,66,68,70,72,74,76,78,80,82,85,87,89,91,93,95,97,99,101,104,106,108,110,112,114,116,118,120,122,125,127,129,131,133,135,137,139,141,144,146,148,150,152,154,156,158,160,162,165,167,169,171,173,175,177,179,181,184,186,0,0,0,0,0,0,0,0,0,0,0,0,0,0,0,0,0,0,0,0,0,0,0,0,0,0,0,0,0,0,0,0,0,0,0,0,0,0,0,0,0,0,0,0,0,0,0,0,0},
{0,0,0,0,0,0,0,0,0,0,0,0,0,0,0,0,0,0,0,0,0,0,0,0,0,0,0,0,0,0,0,0,0,0,0,0,0,0,0,0,0,0,0,0,0,0,0,0,0,0,0,1,3,5,7,9,12,14,16,18,20,22,24,27,29,31,33,35,37,39,42,44,46,48,50,52,54,57,59,61,63,65,67,69,72,74,76,78,80,82,84,87,89,91,93,95,97,99,102,104,106,108,110,112,114,117,119,121,123,125,127,129,132,134,136,138,140,142,144,147,149,151,153,155,157,159,162,164,166,168,170,172,174,177,179,181,183,185,187,0,0,0,0,0,0,0,0,0,0,0,0,0,0,0,0,0,0,0,0,0,0,0,0,0,0,0,0,0,0,0,0,0,0,0,0,0,0,0,0,0,0,0,0,0,0,0,0,0},
{0,0,0,0,0,0,0,0,0,0,0,0,0,0,0,0,0,0,0,0,0,0,0,0,0,0,0,0,0,0,0,0,0,0,0,0,0,0,0,0,0,0,0,0,0,0,0,0,0,0,0,0,2,4,6,8,10,12,15,17,19,21,23,25,28,30,32,34,36,39,41,43,45,47,49,52,54,56,58,60,63,65,67,69,71,73,76,78,80,82,84,86,89,91,93,95,97,100,102,104,106,108,110,113,115,117,119,121,123,126,128,130,132,134,137,139,141,143,145,147,150,152,154,156,158,161,163,165,167,169,171,174,176,178,180,182,184,187,0,0,0,0,0,0,0,0,0,0,0,0,0,0,0,0,0,0,0,0,0,0,0,0,0,0,0,0,0,0,0,0,0,0,0,0,0,0,0,0,0,0,0,0,0,0,0,0,0,0},
{0,0,0,0,0,0,0,0,0,0,0,0,0,0,0,0,0,0,0,0,0,0,0,0,0,0,0,0,0,0,0,0,0,0,0,0,0,0,0,0,0,0,0,0,0,0,0,0,0,0,0,0,0,2,4,7,9,11,13,15,18,20,22,24,27,29,31,33,35,38,40,42,44,46,49,51,53,55,58,60,62,64,66,69,71,73,75,77,80,82,84,86,89,91,93,95,97,100,102,104,106,109,111,113,115,117,120,122,124,126,128,131,133,135,137,140,142,144,146,148,151,153,155,157,159,162,164,166,168,171,173,175,177,179,182,184,186,0,0,0,0,0,0,0,0,0,0,0,0,0,0,0,0,0,0,0,0,0,0,0,0,0,0,0,0,0,0,0,0,0,0,0,0,0,0,0,0,0,0,0,0,0,0,0,0,0,0,0},
{0,0,0,0,0,0,0,0,0,0,0,0,0,0,0,0,0,0,0,0,0,0,0,0,0,0,0,0,0,0,0,0,0,0,0,0,0,0,0,0,0,0,0,0,0,0,0,0,0,0,0,0,0,1,3,5,7,10,12,14,16,19,21,23,25,28,30,32,34,37,39,41,43,46,48,50,52,55,57,59,61,64,66,68,70,73,75,77,79,82,84,86,88,91,93,95,98,100,102,104,107,109,111,113,116,118,120,122,125,127,129,131,134,136,138,140,143,145,147,149,152,154,156,158,161,163,165,167,170,172,174,176,179,181,183,185,0,0,0,0,0,0,0,0,0,0,0,0,0,0,0,0,0,0,0,0,0,0,0,0,0,0,0,0,0,0,0,0,0,0,0,0,0,0,0,0,0,0,0,0,0,0,0,0,0,0,0,0},
{0,0,0,0,0,0,0,0,0,0,0,0,0,0,0,0,0,0,0,0,0,0,0,0,0,0,0,0,0,0,0,0,0,0,0,0,0,0,0,0,0,0,0,0,0,0,0,0,0,0,0,0,0,0,1,3,6,8,10,13,15,17,20,22,24,26,29,31,33,36,38,40,42,45,47,49,52,54,56,59,61,63,65,68,70,72,75,77,79,82,84,86,88,91,93,95,98,100,102,104,107,109,111,114,116,118,121,123,125,127,130,132,134,137,139,141,144,146,148,150,153,155,157,160,162,164,166,169,171,173,176,178,180,183,185,187,0,0,0,0,0,0,0,0,0,0,0,0,0,0,0,0,0,0,0,0,0,0,0,0,0,0,0,0,0,0,0,0,0,0,0,0,0,0,0,0,0,0,0,0,0,0,0,0,0,0,0,0},
{0,0,0,0,0,0,0,0,0,0,0,0,0,0,0,0,0,0,0,0,0,0,0,0,0,0,0,0,0,0,0,0,0,0,0,0,0,0,0,0,0,0,0,0,0,0,0,0,0,0,0,0,0,0,0,2,4,6,9,11,14,16,18,21,23,25,28,30,32,35,37,39,42,44,46,49,51,53,56,58,60,63,65,67,70,72,74,77,79,81,84,86,88,91,93,95,98,100,102,105,107,109,112,114,116,119,121,123,126,128,130,133,135,137,140,142,144,147,149,151,154,156,158,161,163,165,168,170,172,175,177,180,182,184,187,0,0,0,0,0,0,0,0,0,0,0,0,0,0,0,0,0,0,0,0,0,0,0,0,0,0,0,0,0,0,0,0,0,0,0,0,0,0,0,0,0,0,0,0,0,0,0,0,0,0,0,0,0},
{0,0,0,0,0,0,0,0,0,0,0,0,0,0,0,0,0,0,0,0,0,0,0,0,0,0,0,0,0,0,0,0,0,0,0,0,0,0,0,0,0,0,0,0,0,0,0,0,0,0,0,0,0,0,0,0,2,5,7,10,12,14,17,19,22,24,26,29,31,33,36,38,41,43,45,48,50,53,55,57,60,62,64,67,69,72,74,76,79,81,83,86,88,91,93,95,98,100,103,105,107,110,112,114,117,119,122,124,126,129,131,133,136,138,141,143,145,148,150,153,155,157,160,162,164,167,169,172,174,176,179,181,184,186,0,0,0,0,0,0,0,0,0,0,0,0,0,0,0,0,0,0,0,0,0,0,0,0,0,0,0,0,0,0,0,0,0,0,0,0,0,0,0,0,0,0,0,0,0,0,0,0,0,0,0,0,0,0},
{0,0,0,0,0,0,0,0,0,0,0,0,0,0,0,0,0,0,0,0,0,0,0,0,0,0,0,0,0,0,0,0,0,0,0,0,0,0,0,0,0,0,0,0,0,0,0,0,0,0,0,0,0,0,0,0,1,3,6,8,10,13,15,18,20,23,25,27,30,32,35,37,40,42,44,47,49,52,54,57,59,61,64,66,69,71,74,76,78,81,83,86,88,91,93,95,98,100,103,105,108,110,112,115,117,120,122,125,127,129,132,134,137,139,142,144,146,149,151,154,156,159,161,163,166,168,171,173,176,178,180,183,185,0,0,0,0,0,0,0,0,0,0,0,0,0,0,0,0,0,0,0,0,0,0,0,0,0,0,0,0,0,0,0,0,0,0,0,0,0,0,0,0,0,0,0,0,0,0,0,0,0,0,0,0,0,0,0},
{0,0,0,0,0,0,0,0,0,0,0,0,0,0,0,0,0,0,0,0,0,0,0,0,0,0,0,0,0,0,0,0,0,0,0,0,0,0,0,0,0,0,0,0,0,0,0,0,0,0,0,0,0,0,0,0,0,1,4,6,9,11,14,16,19,21,24,26,29,31,34,36,39,41,44,46,48,51,53,56,58,61,63,66,68,71,73,76,78,81,83,86,88,91,93,95,98,100,103,105,108,110,113,115,118,120,123,125,128,130,133,135,138,140,142,145,147,150,152,155,157,160,162,165,167,170,172,175,177,180,182,185,187,0,0,0,0,0,0,0,0,0,0,0,0,0,0,0,0,0,0,0,0,0,0,0,0,0,0,0,0,0,0,0,0,0,0,0,0,0,0,0,0,0,0,0,0,0,0,0,0,0,0,0,0,0,0,0},
{0,0,0,0,0,0,0,0,0,0,0,0,0,0,0,0,0,0,0,0,0,0,0,0,0,0,0,0,0,0,0,0,0,0,0,0,0,0,0,0,0,0,0,0,0,0,0,0,0,0,0,0,0,0,0,0,0,0,2,5,7,10,12,15,17,20,22,25,27,30,32,35,37,40,43,45,48,50,53,55,58,60,63,65,68,70,73,75,78,80,83,85,88,90,93,96,98,101,103,106,108,111,113,116,118,121,123,126,128,131,133,136,138,141,143,146,149,151,154,156,159,161,164,166,169,171,174,176,179,181,184,186,0,0,0,0,0,0,0,0,0,0,0,0,0,0,0,0,0,0,0,0,0,0,0,0,0,0,0,0,0,0,0,0,0,0,0,0,0,0,0,0,0,0,0,0,0,0,0,0,0,0,0,0,0,0,0,0},
{0,0,0,0,0,0,0,0,0,0,0,0,0,0,0,0,0,0,0,0,0,0,0,0,0,0,0,0,0,0,0,0,0,0,0,0,0,0,0,0,0,0,0,0,0,0,0,0,0,0,0,0,0,0,0,0,0,0,0,3,5,8,11,13,16,18,21,23,26,29,31,34,36,39,42,44,47,49,52,54,57,60,62,65,67,70,72,75,78,80,83,85,88,90,93,96,98,101,103,106,108,111,114,116,119,121,124,126,129,132,134,137,139,142,144,147,150,152,155,157,160,163,165,168,170,173,175,178,181,183,186,0,0,0,0,0,0,0,0,0,0,0,0,0,0,0,0,0,0,0,0,0,0,0,0,0,0,0,0,0,0,0,0,0,0,0,0,0,0,0,0,0,0,0,0,0,0,0,0,0,0,0,0,0,0,0,0,0},
{0,0,0,0,0,0,0,0,0,0,0,0,0,0,0,0,0,0,0,0,0,0,0,0,0,0,0,0,0,0,0,0,0,0,0,0,0,0,0,0,0,0,0,0,0,0,0,0,0,0,0,0,0,0,0,0,0,0,0,1,4,6,9,12,14,17,19,22,25,27,30,33,35,38,40,43,46,48,51,54,56,59,61,64,67,69,72,75,77,80,82,85,88,90,93,96,98,101,104,106,109,111,114,117,119,122,125,127,130,132,135,138,140,143,146,148,151,153,156,159,161,164,167,169,172,174,177,180,182,185,0,0,0,0,0,0,0,0,0,0,0,0,0,0,0,0,0,0,0,0,0,0,0,0,0,0,0,0,0,0,0,0,0,0,0,0,0,0,0,0,0,0,0,0,0,0,0,0,0,0,0,0,0,0,0,0,0,0},
{0,0,0,0,0,0,0,0,0,0,0,0,0,0,0,0,0,0,0,0,0,0,0,0,0,0,0,0,0,0,0,0,0,0,0,0,0,0,0,0,0,0,0,0,0,0,0,0,0,0,0,0,0,0,0,0,0,0,0,0,2,4,7,10,13,15,18,21,23,26,29,31,34,37,39,42,45,47,50,53,55,58,61,63,66,69,72,74,77,80,82,85,88,90,93,96,98,101,104,106,109,112,114,117,120,123,125,128,131,133,136,139,141,144,147,149,152,155,157,160,163,165,168,171,173,176,179,182,184,187,0,0,0,0,0,0,0,0,0,0,0,0,0,0,0,0,0,0,0,0,0,0,0,0,0,0,0,0,0,0,0,0,0,0,0,0,0,0,0,0,0,0,0,0,0,0,0,0,0,0,0,0,0,0,0,0,0,0},
{0,0,0,0,0,0,0,0,0,0,0,0,0,0,0,0,0,0,0,0,0,0,0,0,0,0,0,0,0,0,0,0,0,0,0,0,0,0,0,0,0,0,0,0,0,0,0,0,0,0,0,0,0,0,0,0,0,0,0,0,0,3,5,8,11,14,16,19,22,24,27,30,33,35,38,41,44,46,49,52,55,57,60,63,66,68,71,74,77,79,82,85,88,90,93,96,98,101,104,107,109,112,115,118,120,123,126,129,131,134,137,140,142,145,148,151,153,156,159,162,164,167,170,172,175,178,181,183,186,0,0,0,0,0,0,0,0,0,0,0,0,0,0,0,0,0,0,0,0,0,0,0,0,0,0,0,0,0,0,0,0,0,0,0,0,0,0,0,0,0,0,0,0,0,0,0,0,0,0,0,0,0,0,0,0,0,0,0},
{0,0,0,0,0,0,0,0,0,0,0,0,0,0,0,0,0,0,0,0,0,0,0,0,0,0,0,0,0,0,0,0,0,0,0,0,0,0,0,0,0,0,0,0,0,0,0,0,0,0,0,0,0,0,0,0,0,0,0,0,0,1,3,6,9,12,15,17,20,23,26,29,31,34,37,40,43,45,48,51,54,57,59,62,65,68,71,73,76,79,82,85,87,90,93,96,99,101,104,107,110,113,115,118,121,124,127,129,132,135,138,141,143,146,149,152,155,157,160,163,166,169,171,174,177,180,183,185,0,0,0,0,0,0,0,0,0,0,0,0,0,0,0,0,0,0,0,0,0,0,0,0,0,0,0,0,0,0,0,0,0,0,0,0,0,0,0,0,0,0,0,0,0,0,0,0,0,0,0,0,0,0,0,0,0,0,0,0},
{0,0,0,0,0,0,0,0,0,0,0,0,0,0,0,0,0,0,0,0,0,0,0,0,0,0,0,0,0,0,0,0,0,0,0,0,0,0,0,0,0,0,0,0,0,0,0,0,0,0,0,0,0,0,0,0,0,0,0,0,0,0,1,4,7,10,13,16,19,21,24,27,30,33,36,39,41,44,47,50,53,56,59,62,64,67,70,73,76,79,82,84,87,90,93,96,99,102,104,107,110,113,116,119,122,124,127,130,133,136,139,142,145,147,150,153,156,159,162,165,167,170,173,176,179,182,185,187,0,0,0,0,0,0,0,0,0,0,0,0,0,0,0,0,0,0,0,0,0,0,0,0,0,0,0,0,0,0,0,0,0,0,0,0,0,0,0,0,0,0,0,0,0,0,0,0,0,0,0,0,0,0,0,0,0,0,0,0},
{0,0,0,0,0,0,0,0,0,0,0,0,0,0,0,0,0,0,0,0,0,0,0,0,0,0,0,0,0,0,0,0,0,0,0,0,0,0,0,0,0,0,0,0,0,0,0,0,0,0,0,0,0,0,0,0,0,0,0,0,0,0,0,2,5,8,11,14,17,20,23,26,29,31,34,37,40,43,46,49,52,55,58,61,64,67,70,72,75,78,81,84,87,90,93,96,99,102,105,108,111,114,116,119,122,125,128,131,134,137,140,143,146,149,152,155,157,160,163,166,169,172,175,178,181,184,187,0,0,0,0,0,0,0,0,0,0,0,0,0,0,0,0,0,0,0,0,0,0,0,0,0,0,0,0,0,0,0,0,0,0,0,0,0,0,0,0,0,0,0,0,0,0,0,0,0,0,0,0,0,0,0,0,0,0,0,0,0},
{0,0,0,0,0,0,0,0,0,0,0,0,0,0,0,0,0,0,0,0,0,0,0,0,0,0,0,0,0,0,0,0,0,0,0,0,0,0,0,0,0,0,0,0,0,0,0,0,0,0,0,0,0,0,0,0,0,0,0,0,0,0,0,0,3,6,9,12,15,18,21,24,27,30,33,36,39,42,45,48,51,54,57,60,63,66,69,72,75,78,81,84,87,90,93,96,99,102,105,108,111,114,117,120,123,126,129,132,135,138,141,144,147,150,153,156,159,162,165,168,171,174,177,180,183,186,0,0,0,0,0,0,0,0,0,0,0,0,0,0,0,0,0,0,0,0,0,0,0,0,0,0,0,0,0,0,0,0,0,0,0,0,0,0,0,0,0,0,0,0,0,0,0,0,0,0,0,0,0,0,0,0,0,0,0,0,0,0},
{0,0,0,0,0,0,0,0,0,0,0,0,0,0,0,0,0,0,0,0,0,0,0,0,0,0,0,0,0,0,0,0,0,0,0,0,0,0,0,0,0,0,0,0,0,0,0,0,0,0,0,0,0,0,0,0,0,0,0,0,0,0,0,0,1,4,7,10,13,16,19,22,25,29,32,35,38,41,44,47,50,53,56,59,62,65,68,72,75,78,81,84,87,90,93,96,99,102,105,108,111,114,118,121,124,127,130,133,136,139,142,145,148,151,154,157,161,164,167,170,173,176,179,182,185,0,0,0,0,0,0,0,0,0,0,0,0,0,0,0,0,0,0,0,0,0,0,0,0,0,0,0,0,0,0,0,0,0,0,0,0,0,0,0,0,0,0,0,0,0,0,0,0,0,0,0,0,0,0,0,0,0,0,0,0,0,0,0},
{0,0,0,0,0,0,0,0,0,0,0,0,0,0,0,0,0,0,0,0,0,0,0,0,0,0,0,0,0,0,0,0,0,0,0,0,0,0,0,0,0,0,0,0,0,0,0,0,0,0,0,0,0,0,0,0,0,0,0,0,0,0,0,0,0,2,5,8,11,14,17,21,24,27,30,33,36,40,43,46,49,52,55,58,62,65,68,71,74,77,80,84,87,90,93,96,99,102,106,109,112,115,118,121,124,128,131,134,137,140,143,146,150,153,156,159,162,165,169,172,175,178,181,184,187,0,0,0,0,0,0,0,0,0,0,0,0,0,0,0,0,0,0,0,0,0,0,0,0,0,0,0,0,0,0,0,0,0,0,0,0,0,0,0,0,0,0,0,0,0,0,0,0,0,0,0,0,0,0,0,0,0,0,0,0,0,0,0},
{0,0,0,0,0,0,0,0,0,0,0,0,0,0,0,0,0,0,0,0,0,0,0,0,0,0,0,0,0,0,0,0,0,0,0,0,0,0,0,0,0,0,0,0,0,0,0,0,0,0,0,0,0,0,0,0,0,0,0,0,0,0,0,0,0,0,3,6,9,12,16,19,22,25,28,32,35,38,41,45,48,51,54,58,61,64,67,70,74,77,80,83,87,90,93,96,99,103,106,109,112,116,119,122,125,128,132,135,138,141,145,148,151,154,158,161,164,167,170,174,177,180,183,187,0,0,0,0,0,0,0,0,0,0,0,0,0,0,0,0,0,0,0,0,0,0,0,0,0,0,0,0,0,0,0,0,0,0,0,0,0,0,0,0,0,0,0,0,0,0,0,0,0,0,0,0,0,0,0,0,0,0,0,0,0,0,0,0},
{0,0,0,0,0,0,0,0,0,0,0,0,0,0,0,0,0,0,0,0,0,0,0,0,0,0,0,0,0,0,0,0,0,0,0,0,0,0,0,0,0,0,0,0,0,0,0,0,0,0,0,0,0,0,0,0,0,0,0,0,0,0,0,0,0,0,0,4,7,10,14,17,20,23,27,30,33,37,40,43,47,50,53,57,60,63,67,70,73,76,80,83,86,90,93,96,100,103,106,110,113,116,119,123,126,129,133,136,139,143,146,149,153,156,159,163,166,169,172,176,179,182,186,0,0,0,0,0,0,0,0,0,0,0,0,0,0,0,0,0,0,0,0,0,0,0,0,0,0,0,0,0,0,0,0,0,0,0,0,0,0,0,0,0,0,0,0,0,0,0,0,0,0,0,0,0,0,0,0,0,0,0,0,0,0,0,0,0},
{0,0,0,0,0,0,0,0,0,0,0,0,0,0,0,0,0,0,0,0,0,0,0,0,0,0,0,0,0,0,0,0,0,0,0,0,0,0,0,0,0,0,0,0,0,0,0,0,0,0,0,0,0,0,0,0,0,0,0,0,0,0,0,0,0,0,0,1,5,8,11,15,18,22,25,28,32,35,39,42,45,49,52,56,59,62,66,69,73,76,79,83,86,90,93,96,100,103,107,110,113,117,120,124,127,130,134,137,141,144,147,151,154,158,161,164,168,171,175,178,181,185,0,0,0,0,0,0,0,0,0,0,0,0,0,0,0,0,0,0,0,0,0,0,0,0,0,0,0,0,0,0,0,0,0,0,0,0,0,0,0,0,0,0,0,0,0,0,0,0,0,0,0,0,0,0,0,0,0,0,0,0,0,0,0,0,0,0},
{0,0,0,0,0,0,0,0,0,0,0,0,0,0,0,0,0,0,0,0,0,0,0,0,0,0,0,0,0,0,0,0,0,0,0,0,0,0,0,0,0,0,0,0,0,0,0,0,0,0,0,0,0,0,0,0,0,0,0,0,0,0,0,0,0,0,0,0,2,6,9,13,16,20,23,27,30,34,37,41,44,48,51,55,58,62,65,69,72,76,79,83,86,90,93,96,100,103,107,110,114,117,121,124,128,131,135,138,142,145,149,152,156,159,163,166,170,173,177,180,184,187,0,0,0,0,0,0,0,0,0,0,0,0,0,0,0,0,0,0,0,0,0,0,0,0,0,0,0,0,0,0,0,0,0,0,0,0,0,0,0,0,0,0,0,0,0,0,0,0,0,0,0,0,0,0,0,0,0,0,0,0,0,0,0,0,0,0},
{0,0,0,0,0,0,0,0,0,0,0,0,0,0,0,0,0,0,0,0,0,0,0,0,0,0,0,0,0,0,0,0,0,0,0,0,0,0,0,0,0,0,0,0,0,0,0,0,0,0,0,0,0,0,0,0,0,0,0,0,0,0,0,0,0,0,0,0,0,3,7,10,14,18,21,25,28,32,36,39,43,46,50,54,57,61,64,68,71,75,79,82,86,89,93,97,100,104,107,111,115,118,122,125,129,132,136,140,143,147,150,154,158,161,165,168,172,176,179,183,186,0,0,0,0,0,0,0,0,0,0,0,0,0,0,0,0,0,0,0,0,0,0,0,0,0,0,0,0,0,0,0,0,0,0,0,0,0,0,0,0,0,0,0,0,0,0,0,0,0,0,0,0,0,0,0,0,0,0,0,0,0,0,0,0,0,0,0},
{0,0,0,0,0,0,0,0,0,0,0,0,0,0,0,0,0,0,0,0,0,0,0,0,0,0,0,0,0,0,0,0,0,0,0,0,0,0,0,0,0,0,0,0,0,0,0,0,0,0,0,0,0,0,0,0,0,0,0,0,0,0,0,0,0,0,0,0,0,1,4,8,12,15,19,23,27,30,34,38,41,45,49,52,56,60,63,67,71,75,78,82,86,89,93,97,100,104,108,111,115,119,123,126,130,134,137,141,145,148,152,156,159,163,167,171,174,178,182,185,0,0,0,0,0,0,0,0,0,0,0,0,0,0,0,0,0,0,0,0,0,0,0,0,0,0,0,0,0,0,0,0,0,0,0,0,0,0,0,0,0,0,0,0,0,0,0,0,0,0,0,0,0,0,0,0,0,0,0,0,0,0,0,0,0,0,0,0},
{0,0,0,0,0,0,0,0,0,0,0,0,0,0,0,0,0,0,0,0,0,0,0,0,0,0,0,0,0,0,0,0,0,0,0,0,0,0,0,0,0,0,0,0,0,0,0,0,0,0,0,0,0,0,0,0,0,0,0,0,0,0,0,0,0,0,0,0,0,0,2,5,9,13,17,21,25,28,32,36,40,44,47,51,55,59,63,66,70,74,78,82,85,89,93,97,101,104,108,112,116,120,123,127,131,135,139,142,146,150,154,158,161,165,169,173,177,181,184,0,0,0,0,0,0,0,0,0,0,0,0,0,0,0,0,0,0,0,0,0,0,0,0,0,0,0,0,0,0,0,0,0,0,0,0,0,0,0,0,0,0,0,0,0,0,0,0,0,0,0,0,0,0,0,0,0,0,0,0,0,0,0,0,0,0,0,0,0},
{0,0,0,0,0,0,0,0,0,0,0,0,0,0,0,0,0,0,0,0,0,0,0,0,0,0,0,0,0,0,0,0,0,0,0,0,0,0,0,0,0,0,0,0,0,0,0,0,0,0,0,0,0,0,0,0,0,0,0,0,0,0,0,0,0,0,0,0,0,0,0,3,7,11,15,18,22,26,30,34,38,42,46,50,54,58,62,66,69,73,77,81,85,89,93,97,101,105,109,113,117,120,124,128,132,136,140,144,148,152,156,160,164,168,171,175,179,183,187,0,0,0,0,0,0,0,0,0,0,0,0,0,0,0,0,0,0,0,0,0,0,0,0,0,0,0,0,0,0,0,0,0,0,0,0,0,0,0,0,0,0,0,0,0,0,0,0,0,0,0,0,0,0,0,0,0,0,0,0,0,0,0,0,0,0,0,0,0},
{0,0,0,0,0,0,0,0,0,0,0,0,0,0,0,0,0,0,0,0,0,0,0,0,0,0,0,0,0,0,0,0,0,0,0,0,0,0,0,0,0,0,0,0,0,0,0,0,0,0,0,0,0,0,0,0,0,0,0,0,0,0,0,0,0,0,0,0,0,0,0,0,4,8,12,16,20,24,28,32,36,40,44,48,53,57,61,65,69,73,77,81,85,89,93,97,101,105,109,113,117,121,125,129,133,138,142,146,150,154,158,162,166,170,174,178,182,186,0,0,0,0,0,0,0,0,0,0,0,0,0,0,0,0,0,0,0,0,0,0,0,0,0,0,0,0,0,0,0,0,0,0,0,0,0,0,0,0,0,0,0,0,0,0,0,0,0,0,0,0,0,0,0,0,0,0,0,0,0,0,0,0,0,0,0,0,0,0},
{0,0,0,0,0,0,0,0,0,0,0,0,0,0,0,0,0,0,0,0,0,0,0,0,0,0,0,0,0,0,0,0,0,0,0,0,0,0,0,0,0,0,0,0,0,0,0,0,0,0,0,0,0,0,0,0,0,0,0,0,0,0,0,0,0,0,0,0,0,0,0,0,1,5,9,14,18,22,26,30,34,39,43,47,51,55,60,64,68,72,76,80,85,89,93,97,101,106,110,114,118,122,126,131,135,139,143,147,152,156,160,164,168,172,177,181,185,0,0,0,0,0,0,0,0,0,0,0,0,0,0,0,0,0,0,0,0,0,0,0,0,0,0,0,0,0,0,0,0,0,0,0,0,0,0,0,0,0,0,0,0,0,0,0,0,0,0,0,0,0,0,0,0,0,0,0,0,0,0,0,0,0,0,0,0,0,0,0},
{0,0,0,0,0,0,0,0,0,0,0,0,0,0,0,0,0,0,0,0,0,0,0,0,0,0,0,0,0,0,0,0,0,0,0,0,0,0,0,0,0,0,0,0,0,0,0,0,0,0,0,0,0,0,0,0,0,0,0,0,0,0,0,0,0,0,0,0,0,0,0,0,0,2,7,11,15,20,24,28,33,37,41,45,50,54,58,63,67,71,76,80,84,89,93,97,102,106,110,115,119,123,128,132,136,141,145,149,153,158,162,166,171,175,179,184,0,0,0,0,0,0,0,0,0,0,0,0,0,0,0,0,0,0,0,0,0,0,0,0,0,0,0,0,0,0,0,0,0,0,0,0,0,0,0,0,0,0,0,0,0,0,0,0,0,0,0,0,0,0,0,0,0,0,0,0,0,0,0,0,0,0,0,0,0,0,0,0},
{0,0,0,0,0,0,0,0,0,0,0,0,0,0,0,0,0,0,0,0,0,0,0,0,0,0,0,0,0,0,0,0,0,0,0,0,0,0,0,0,0,0,0,0,0,0,0,0,0,0,0,0,0,0,0,0,0,0,0,0,0,0,0,0,0,0,0,0,0,0,0,0,0,0,4,8,12,17,21,26,30,35,39,44,48,53,57,62,66,71,75,80,84,89,93,97,102,106,111,115,120,124,129,133,138,142,147,151,156,160,165,169,174,178,182,187,0,0,0,0,0,0,0,0,0,0,0,0,0,0,0,0,0,0,0,0,0,0,0,0,0,0,0,0,0,0,0,0,0,0,0,0,0,0,0,0,0,0,0,0,0,0,0,0,0,0,0,0,0,0,0,0,0,0,0,0,0,0,0,0,0,0,0,0,0,0,0,0},
{0,0,0,0,0,0,0,0,0,0,0,0,0,0,0,0,0,0,0,0,0,0,0,0,0,0,0,0,0,0,0,0,0,0,0,0,0,0,0,0,0,0,0,0,0,0,0,0,0,0,0,0,0,0,0,0,0,0,0,0,0,0,0,0,0,0,0,0,0,0,0,0,0,0,0,5,10,14,19,23,28,33,37,42,47,51,56,61,65,70,74,79,84,88,93,98,102,107,112,116,121,125,130,135,139,144,149,153,158,163,167,172,176,181,186,0,0,0,0,0,0,0,0,0,0,0,0,0,0,0,0,0,0,0,0,0,0,0,0,0,0,0,0,0,0,0,0,0,0,0,0,0,0,0,0,0,0,0,0,0,0,0,0,0,0,0,0,0,0,0,0,0,0,0,0,0,0,0,0,0,0,0,0,0,0,0,0,0},
{0,0,0,0,0,0,0,0,0,0,0,0,0,0,0,0,0,0,0,0,0,0,0,0,0,0,0,0,0,0,0,0,0,0,0,0,0,0,0,0,0,0,0,0,0,0,0,0,0,0,0,0,0,0,0,0,0,0,0,0,0,0,0,0,0,0,0,0,0,0,0,0,0,0,0,2,6,11,16,21,26,30,35,40,45,50,55,59,64,69,74,79,83,88,93,98,103,107,112,117,122,127,131,136,141,146,151,156,160,165,170,175,180,184,0,0,0,0,0,0,0,0,0,0,0,0,0,0,0,0,0,0,0,0,0,0,0,0,0,0,0,0,0,0,0,0,0,0,0,0,0,0,0,0,0,0,0,0,0,0,0,0,0,0,0,0,0,0,0,0,0,0,0,0,0,0,0,0,0,0,0,0,0,0,0,0,0,0},
{0,0,0,0,0,0,0,0,0,0,0,0,0,0,0,0,0,0,0,0,0,0,0,0,0,0,0,0,0,0,0,0,0,0,0,0,0,0,0,0,0,0,0,0,0,0,0,0,0,0,0,0,0,0,0,0,0,0,0,0,0,0,0,0,0,0,0,0,0,0,0,0,0,0,0,0,3,8,13,18,23,28,33,38,43,48,53,58,63,68,73,78,83,88,93,98,103,108,113,118,123,128,133,138,143,148,153,158,163,168,173,178,183,0,0,0,0,0,0,0,0,0,0,0,0,0,0,0,0,0,0,0,0,0,0,0,0,0,0,0,0,0,0,0,0,0,0,0,0,0,0,0,0,0,0,0,0,0,0,0,0,0,0,0,0,0,0,0,0,0,0,0,0,0,0,0,0,0,0,0,0,0,0,0,0,0,0,0},
{0,0,0,0,0,0,0,0,0,0,0,0,0,0,0,0,0,0,0,0,0,0,0,0,0,0,0,0,0,0,0,0,0,0,0,0,0,0,0,0,0,0,0,0,0,0,0,0,0,0,0,0,0,0,0,0,0,0,0,0,0,0,0,0,0,0,0,0,0,0,0,0,0,0,0,0,0,5,10,15,20,25,31,36,41,46,51,57,62,67,72,77,83,88,93,98,103,109,114,119,124,129,135,140,145,150,155,161,166,171,176,181,187,0,0,0,0,0,0,0,0,0,0,0,0,0,0,0,0,0,0,0,0,0,0,0,0,0,0,0,0,0,0,0,0,0,0,0,0,0,0,0,0,0,0,0,0,0,0,0,0,0,0,0,0,0,0,0,0,0,0,0,0,0,0,0,0,0,0,0,0,0,0,0,0,0,0,0},
{0,0,0,0,0,0,0,0,0,0,0,0,0,0,0,0,0,0,0,0,0,0,0,0,0,0,0,0,0,0,0,0,0,0,0,0,0,0,0,0,0,0,0,0,0,0,0,0,0,0,0,0,0,0,0,0,0,0,0,0,0,0,0,0,0,0,0,0,0,0,0,0,0,0,0,0,0,1,6,12,17,22,28,33,39,44,50,55,60,66,71,77,82,88,93,98,104,109,115,120,126,131,136,142,147,153,158,164,169,174,180,185,0,0,0,0,0,0,0,0,0,0,0,0,0,0,0,0,0,0,0,0,0,0,0,0,0,0,0,0,0,0,0,0,0,0,0,0,0,0,0,0,0,0,0,0,0,0,0,0,0,0,0,0,0,0,0,0,0,0,0,0,0,0,0,0,0,0,0,0,0,0,0,0,0,0,0,0},
};